1492741514.04
1492741514.14
1492741514.2
1492741514.28
1492741514.35
1492741514.41
1492741514.61
1492741514.75
1492741514.78
1492741514.97
1492741515.18
1492741515.31
1492741515.52
1492741515.58
1492741515.65
1492741515.72
1492741515.78
1492741515.99
1492741516.26
1492741516.4
1492741516.55
1492741516.62
1492741516.68
1492741516.82
1492741516.99
1492741517.05
1492741517.47
1492741517.53
1492741517.67
1492741517.75
1492741517.87
1492741518.09
1492741518.24
1492741518.34
1492741518.45
1492741518.59
1492741518.73
1492741518.86
1492741518.99
1492741519.13
1492741519.19
1492741519.49
1492741519.54
1492741519.65
1492741519.77
1492741519.88
1492741519.96
1492741520.09
1492741520.28
1492741520.4
1492741520.47
1492741520.55
1492741520.76
1492741520.87
1492741520.95
1492741521.16
1492741521.33
1492741521.43
1492741521.57
1492741521.75
1492741521.87
1492741521.95
1492741522.08
1492741522.24
1492741522.32
1492741522.38
1492741522.45
1492741522.58
1492741522.61
1492741523.18
1492741523.29
1492741523.42
1492741523.63
1492741523.69
1492741523.77
1492741523.82
1492741523.9
1492741524.12
1492741524.22
1492741524.32
1492741524.43
1492741524.59
1492741524.69
1492741524.84
1492741525.0
1492741525.08
1492741525.31
1492741525.5
1492741525.58
1492741525.65
1492741525.71
1492741525.76
1492741525.89
1492741526.12
1492741526.22
1492741526.37
1492741526.62
1492741526.75
1492741526.82
1492741526.95
1492741527.02
1492741527.17
1492741527.29
1492741527.37
1492741527.5
1492741527.62
1492741527.71
1492741528.14
1492741528.26
1492741528.42
1492741528.61
1492741528.75
1492741528.85
1492741529.01
1492741529.09
1492741529.15
1492741529.28
1492741529.43
1492741529.51
1492741529.64
1492741529.75
1492741529.81
1492741529.88
1492741530.21
1492741530.32
1492741530.38
1492741530.68
1492741530.75
1492741530.91
1492741531.01
1492741531.2
1492741531.31
1492741531.43
1492741531.56
1492741531.72
1492741531.85
1492741531.92
1492741532.18
1492741532.24
1492741532.44
1492741532.53
1492741532.68
1492741532.92
1492741533.04
1492741533.17
1492741533.24
1492741533.32
1492741533.52
1492741533.63
1492741533.67
1492741533.85
1492741534.03
1492741534.19
1492741534.31
1492741534.44
1492741534.54
1492741534.77
1492741534.89
1492741535.03
1492741535.15
1492741535.36
1492741535.47
1492741535.53
1492741535.65
1492741535.72
1492741535.92
1492741536.08
1492741536.14
1492741536.2
1492741536.5
1492741536.73
1492741536.86
1492741536.9
1492741537.09
1492741537.16
1492741537.32
1492741537.42
1492741537.54
1492741537.79
1492741537.83
1492741537.98
1492741538.32
1492741538.44
1492741538.64
1492741538.78
1492741538.97
1492741539.03
1492741539.1
1492741539.31
1492741539.46
1492741539.61
1492741539.76
1492741539.9
1492741539.95
1492741540.25
1492741540.34
1492741540.59
1492741540.79
1492741540.93
1492741541.19
1492741541.25
1492741541.51
1492741541.55
1492741541.67
1492741541.75
1492741541.91
1492741541.99
1492741542.07
1492741542.19
1492741542.35
1492741542.48
1492741542.6
1492741542.68
1492741542.77
1492741542.86
1492741543.16
1492741543.26
1492741543.52
1492741543.61
1492741543.78
1492741543.91
1492741543.98
1492741544.12
1492741544.25
1492741544.36
1492741544.42
1492741544.5
1492741544.84
1492741544.97
1492741545.09
1492741545.18
1492741545.35
1492741545.41
1492741545.57
1492741545.77
1492741545.9
1492741545.93
1492741546.09
1492741546.31
1492741546.37
1492741546.53
1492741546.64
1492741546.72
1492741546.83
1492741546.98
1492741547.1
1492741547.21
1492741547.39
1492741547.52
1492741547.58
1492741547.74
1492741547.77
1492741547.94
1492741547.99
1492741548.13
1492741548.37
1492741548.52
1492741548.71
1492741548.98
1492741549.1
1492741549.37
1492741549.48
1492741549.53
1492741549.66
1492741549.82
1492741549.95
1492741550.01
1492741550.34
1492741550.64
1492741550.72
1492741550.84
1492741550.91
1492741551.03
1492741551.11
1492741551.24
1492741551.45
1492741551.49
1492741551.61
1492741551.79
1492741551.89
1492741552.02
1492741552.1
1492741552.34
1492741552.45
1492741552.82
1492741553.01
1492741553.14
1492741553.19
1492741553.33
1492741553.48
1492741553.67
1492741553.8
1492741553.99
1492741554.05
1492741554.23
1492741554.41
1492741554.58
1492741554.63
1492741554.89
1492741555.0
1492741555.29
1492741555.4
1492741555.42
1492741555.9
1492741556.0
1492741556.08
1492741556.27
1492741556.32
1492741556.52
1492741556.65
1492741556.91
1492741557.04
1492741557.1
1492741557.24
1492741557.42
1492741557.58
1492741557.72
1492741557.9
1492741558.0
1492741558.12
1492741558.18
1492741558.25
1492741558.34
1492741558.47
1492741558.7
1492741558.71
1492741558.9
1492741558.95
1492741559.1
1492741559.31
1492741559.42
1492741559.55
1492741559.61
1492741559.72
1492741559.97
1492741560.17
1492741560.35
1492741560.45
1492741560.52
1492741560.65
1492741560.72
1492741560.86
1492741560.99
1492741561.27
1492741561.5
1492741561.6
1492741561.72
1492741561.79
1492741561.86
1492741562.0
1492741562.11
1492741562.24
1492741562.48
1492741562.67
1492741562.75
1492741562.86
1492741562.99
1492741563.05
1492741563.16
1492741563.39
1492741563.6
1492741563.63
1492741563.77
1492741563.83
1492741564.15
1492741564.33
1492741564.39
1492741564.53
1492741564.64
1492741564.82
1492741564.92
1492741565.0
1492741565.26
1492741565.39
1492741565.45
1492741565.57
1492741565.66
1492741565.82
1492741566.01
1492741566.07
1492741566.27
1492741566.39
1492741566.55
1492741566.68
1492741566.82
1492741567.02
1492741567.13
1492741567.19
1492741567.27
1492741567.45
1492741567.55
1492741567.64
1492741567.85
