1366498691.6221225262
1366498691.7223656178
1366498691.8223557472
1366498691.9221773148
1366498692.0227372646
1366498692.1224441528
1366498692.2262983322
1366498692.358140707
1366498692.4582152367
1366498692.5584306717
1366498692.658343792
1366498692.762305975
1366498692.8621544838
1366498692.9624042511
1366498693.0621891022
1366498693.1624772549
1366498693.2624187469
1366498693.3623948097
1366498693.4663491249
1366498693.5664019585
1366498693.6663866043
1366498693.7657177448
1366498693.8656859398
1366498693.9663162231
1366498694.0664510727
1366498694.1662824154
1366498694.2703928947
1366498694.3703076839
1366498694.4704785347
1366498694.5697073936
1366498694.6703853607
1366498694.770368576
1366498694.8703658581
1366498694.9757680893
1366498695.0754187107
1366498695.1756625175
1366498695.2754142284
1366498695.4120066166
1366498695.5440707207
1366498695.643188715
1366498695.7433710098
1366498695.8433797359
1366498695.9434704781
1366498696.0434470177
1366498696.1433851719
1366498696.2433786392
1366498696.3435955048
1366498696.4434392452
1366498696.5439479351
1366498696.6432909966
1366498696.7800331116
1366498696.8793520927
1366498696.9794843197
1366498697.0793163776
1366498697.1794047356
1366498697.279327631
1366498697.3791270256
1366498697.479295969
1366498697.579531908
1366498697.6794245243
1366498697.77921772
1366498697.8792645931
1366498697.9798502922
1366498698.1119129658
1366498698.2113227844
1366498698.3117654324
1366498698.4480807781
1366498698.5474526882
1366498698.6478247643
1366498698.7472133636
1366498698.8621890545
1366498698.995064497
1366498699.0942971706
1366498699.194464922
1366498699.2941429615
1366498699.4310777187
1366498699.5300199986
1366498699.6309654713
1366498699.7303152084
1366498699.8309445381
1366498699.9344482422
1366498700.0343937874
1366498700.1344356537
1366498700.2343280315
1366498700.3344681263
1366498700.434538126
1366498700.5708534718
1366498700.6705248356
1366498700.7700998783
1366498700.8703136444
1366498700.9703323841
1366498701.0741574764
1366498701.174123764
1366498701.2740199566
1366498701.3741064072
1366498701.5070064068
1366498701.6103124619
1366498701.7108840942
1366498701.842977047
1366498701.9423615932
1366498702.0430793762
1366498702.1460468769
1366498702.2461638451
1366498702.3465864658
1366498702.4783937931
1366498702.58238554
1366498702.6834921837
1366498702.7833225727
1366498702.883466959
1366498702.983561039
1366498703.0832848549
1366498703.1834232807
1366498703.3192613125
1366498703.419344902
1366498703.519415617
1366498703.6194572449
1366498703.7192547321
1366498703.8193209171
1366498703.9191293716
1366498704.0191526413
1366498704.1193101406
1366498704.2190127373
1366498704.3189160824
1366498704.4185647964
1366498704.5191750526
1366498704.6192188263
1366498704.7188887596
1366498704.8192009926
1366498704.9191904068
1366498705.0184972286
1366498705.1195936203
1366498705.2193799019
1366498705.3194720745
1366498705.4190380573
1366498705.5187008381
1366498705.619177103
1366498705.7191383839
1366498705.8193616867
1366498705.9189684391
1366498706.0189824104
1366498706.1187109947
1366498706.2193543911
1366498706.3193845749
1366498706.4341418743
1366498706.5344278812
1366498706.6341094971
1366498706.7381045818
1366498706.8380997181
1366498706.9383914471
1366498707.0384192467
1366498707.1383099556
1366498707.2380127907
1366498707.3384335041
1366498707.4383215904
1366498707.5421526432
1366498707.6417510509
1366498707.742351532
1366498707.8422541618
1366498707.9423303604
1366498708.0422978401
1366498708.1424019337
1366498708.2455646992
1366498708.3463866711
1366498708.4455778599
1366498708.5464251041
1366498708.6455590725
1366498708.7455990314
1366498708.8456170559
1366498708.9503676891
1366498709.0503561497
1366498709.1501495838
1366498709.2822868824
1366498709.3820638657
1366498709.4863443375
1366498709.5862805843
1366498709.6862299442
1366498709.7861292362
1366498709.8862252235
1366498709.9859476089
1366498710.0863080025
1366498710.1904513836
1366498710.3233790398
1366498710.4232869148
1366498710.5233557224
1366498710.6229250431
1366498710.7271025181
1366498710.8273599148
1366498710.9271519184
1366498711.0592763424
1366498711.1585466862
1366498711.2592036724
1366498711.3593862057
1366498711.4594247341
1366498711.5595462322
1366498711.6593074799
1366498711.7594957352
1366498711.8594596386
1366498711.9594721794
1366498712.0593504906
1366498712.1593599319
1366498712.2593894005
1366498712.3594172001
1366498712.4592897892
1366498712.5594933033
1366498712.6592433453
1366498712.7592511177
1366498712.8593976498
1366498712.9592943192
1366498713.0593509674
1366498713.1594295502
1366498713.2632899284
1366498713.3631672859
1366498713.4631855488
1366498713.563346386
1366498713.6632711887
1366498713.762824297
1366498713.863312006
1366498713.9630904198
1366498714.0742032528
1366498714.1780693531
1366498714.2780852318
1366498714.3779103756
1366498714.4783535004
1366498714.5781238079
1366498714.6783802509
1366498714.7782101631
1366498714.8820645809
1366498714.9820361137
1366498715.0822057724
1366498715.1820363998
1366498715.2825112343
1366498715.3821110725
1366498715.4819257259
1366498715.5862340927
1366498715.6860663891
1366498715.7863576412
1366498715.8862071037
1366498715.9861876965
1366498716.0862207413
1366498716.1863610744
1366498716.2863428593
1366498716.390232563
1366498716.490172863
1366498716.5901279449
1366498716.6900815964
1366498716.7900905609
1366498716.8906593323
1366498716.9903650284
1366498717.0941352844
1366498717.1940436363
1366498717.2939910889
1366498717.3941266537
1366498717.4941444397
1366498717.5939888954
1366498717.6941990852
1366498717.797973156
1366498717.8991515636
1366498717.9990148544
1366498718.0991733074
1366498718.1991126537
1366498718.3313453197
1366498718.4350960255
1366498718.5352339745
1366498718.6353549957
1366498718.735013485
1366498718.8350803852
1366498718.9353160858
1366498719.0353732109
1366498719.1354293823
1366498719.2353332043
1366498719.3354043961
1366498719.4351727962
1366498719.5673942566
1366498719.6673896313
1366498719.7673296928
1366498719.8673453331
1366498719.9672379494
1366498720.0673940182
1366498720.1673643589
1366498720.2674028873
1366498720.3674857616
1366498720.4673802853
1366498720.567293644
1366498720.6674394608
1366498720.7674329281
1366498720.8674330711
1366498720.9711530209
1366498721.0711464882
1366498721.1711661816
1366498721.2713415623
1366498721.3713626862
1366498721.4711544514
1366498721.5708453655
1366498721.6823079586
1366498721.7861380577
1366498721.9182517529
1366498722.0182073116
1366498722.1179609299
1366498722.2181761265
1366498722.3217942715
1366498722.4220664501
1366498722.5221030712
1366498722.6221263409
1366498722.722162962
1366498722.8219292164
1366498722.9221954346
1366498723.0261733532
1366498723.1260163784
1366498723.2261805534
1366498723.3259673119
1366498723.4261474609
1366498723.5263721943
1366498723.6260514259
1366498723.7299928665
1366498723.8300535679
1366498723.9301118851
1366498724.0302238464
1366498724.130307436
1366498724.2301602364
1366498724.3302271366
1366498724.4301400185
1366498724.5340504646
1366498724.6339507103
1366498724.7340435982
1366498724.8341794014
1366498724.9703426361
1366498725.0701992512
1366498725.1703000069
1366498725.2702784538
1366498725.3701615334
1366498725.4751808643
1366498725.5753283501
1366498725.675246954
1366498725.8073916435
1366498725.9073174
1366498726.0071530342
1366498726.1073825359
1366498726.2073354721
1366498726.3076646328
1366498726.4074089527
1366498726.5072431564
1366498726.607326746
1366498726.7074234486
1366498726.8076219559
1366498726.9075305462
1366498727.007570982
1366498727.1078078747
1366498727.2075896263
1366498727.3111453056
1366498727.4112172127
1366498727.511248827
1366498727.6433467865
1366498727.7755110264
1366498727.8754668236
1366498727.9754567146
1366498728.0755550861
1366498728.1753220558
1366498728.2752912045
1366498728.3753886223
1366498728.4753689766
1366498728.5793521404
1366498728.6791610718
1366498728.7791905403
1366498728.8793861866
1366498729.0105679035
1366498729.1105687618
1366498729.2112209797
1366498729.3261919022
1366498729.4260406494
1366498729.5260295868
1366498729.6261649132
1366498729.7260782719
1366498729.8260648251
1366498729.930075407
1366498730.0300841331
1366498730.1301743984
1366498730.2301549911
1366498730.3300404549
1366498730.430314064
1366498730.5301887989
1366498730.6341257095
1366498730.7339639664
1366498730.8339250088
1366498730.9342331886
1366498731.0341553688
1366498731.1340918541
1366498731.2340056896
1366498731.3380694389
1366498731.4381203651
1366498731.5380425453
1366498731.6379671097
1366498731.7379693985
1366498731.8380019665
1366498731.9379758835
1366498732.0379610062
1366498732.1419715881
1366498732.2740955353
1366498732.4099321365
1366498732.5103399754
1366498732.6099772453
1366498732.7100875378
1366498732.810172081
1366498732.9102072716
1366498733.0101978779
1366498733.115322113
1366498733.2151293755
1366498733.315176487
1366498733.4152593613
1366498733.5151145458
1366498733.6153981686
1366498733.7152004242
1366498733.8151218891
1366498733.9153721333
1366498734.0152676105
1366498734.1153228283
1366498734.2152843475
1366498734.3152389526
1366498734.4151239395
1366498734.5153126717
1366498734.6153357029
1366498734.7152917385
1366498734.8152775764
1366498734.9151911736
1366498735.0187251568
1366498735.1187396049
1366498735.2190747261
1366498735.3189840317
1366498735.4190044403
1366498735.5190355778
1366498735.6189782619
1366498735.7189879417
1366498735.8191292286
1366498735.9189050198
1366498736.0186491013
1366498736.1186385155
1366498736.218934536
1366498736.3192691803
1366498736.4190471172
1366498736.519071579
1366498736.6192047596
1366498736.7193574905
1366498736.8191838264
1366498736.9340412617
1366498737.0340120792
1366498737.1341049671
1366498737.2341711521
1366498737.3340923786
1366498737.4340758324
1366498737.5379836559
1366498737.6380450726
1366498737.7379276752
1366498737.8380689621
1366498737.9380970001
1366498738.0380747318
1366498738.1379988194
1366498738.2419688702
1366498738.3419675827
1366498738.4419052601
1366498738.5419654846
1366498738.6419861317
1366498738.7421195507
1366498738.8423249722
1366498738.9421067238
1366498739.0460722446
1366498739.1459019184
1366498739.2461159229
1366498739.34597826
1366498739.44592309
1366498739.5461096764
1366498739.6460442543
1366498739.7500166893
1366498739.8500709534
1366498739.9500463009
1366498740.0502054691
1366498740.1501471996
1366498740.25020504
1366498740.3503901958
1366498740.4543375969
1366498740.5540473461
1366498740.6861941814
1366498740.7911157608
1366498740.891297102
1366498740.9913864136
1366498741.0910699368
1366498741.1909332275
1366498741.291059494
1366498741.3910164833
1366498741.4908988476
1366498741.5909576416
1366498741.6909952164
1366498741.7910659313
1366498741.8911800385
1366498741.9911110401
1366498742.0910944939
1366498742.2233490944
1366498742.323523283
1366498742.4233102798
1366498742.523337841
1366498742.6272358894
1366498742.7271754742
1366498742.8272743225
1366498742.9272639751
1366498743.0272493362
1366498743.1272974014
1366498743.2272315025
1366498743.3273336887
1366498743.4270324707
1366498743.5273184776
1366498743.6272969246
1366498743.7271058559
1366498743.8271551132
1366498743.9271612167
1366498744.0273220539
1366498744.1273329258
1366498744.2272417545
1366498744.327218771
1366498744.4585757256
1366498744.5741302967
1366498744.6739740372
1366498744.7741696835
1366498744.8778908253
1366498744.9781579971
1366498745.0778388977
1366498745.1780993938
1366498745.2783489227
1366498745.3783624172
1366498745.4783427715
1366498745.577466011
1366498745.6822907925
1366498745.7819316387
1366498745.882032156
1366498746.0133738518
1366498746.117348671
1366498746.2181787491
1366498746.3178966045
1366498746.4175963402
1366498746.5178544521
1366498746.6180677414
1366498746.71747756
1366498746.8539159298
1366498746.9541525841
1366498747.0540816784
1366498747.1540880203
1366498747.2541217804
1366498747.3580610752
1366498747.4579367638
1366498747.5581758022
1366498747.6580421925
1366498747.7580120564
1366498747.8581540585
1366498747.95820117
1366498748.061781168
1366498748.1624760628
1366498748.2619624138
1366498748.363338232
1366498748.4632863998
1366498748.5631015301
1366498748.6631760597
1366498748.763109684
1366498748.8632187843
1366498748.9670917988
1366498749.0990772247
1366498749.1989648342
1366498749.299049139
1366498749.3991184235
1366498749.5314068794
1366498749.6310670376
1366498749.7313370705
1366498749.8311042786
1366498749.9311804771
1366498750.0311141014
1366498750.1311488152
1366498750.2313735485
1366498750.3351871967
1366498750.4672219753
1366498750.5993926525
1366498750.6992862225
1366498750.7993273735
1366498750.8993439674
1366498750.9993195534
1366498751.0993559361
1366498751.1993024349
1366498751.2992758751
1366498751.3994243145
1366498751.4994015694
1366498751.6030313969
1366498751.7031879425
1366498751.8031904697
1366498751.9029316902
1366498752.0031120777
1366498752.1033072472
1366498752.2141683102
1366498752.3173377514
1366498752.4176771641
1366498752.5176672935
1366498752.618074894
1366498752.717577219
1366498752.8177092075
1366498752.9173135757
1366498753.0220906734
1366498753.1219074726
1366498753.2221798897
1366498753.3217294216
1366498753.4220519066
1366498753.5223402977
1366498753.6220571995
1366498753.7254242897
1366498753.8255057335
1366498753.9254972935
1366498754.0260257721
1366498754.1261017323
1366498754.2257354259
1366498754.3259437084
1366498754.4261181355
1366498754.5303688049
1366498754.6300313473
1366498754.7301135063
1366498754.8298683167
1366498754.9299852848
1366498755.030039072
1366498755.1299424171
1366498755.2339496613
1366498755.3339793682
1366498755.4337482452
1366498755.5338742733
1366498755.6339759827
1366498755.733943224
1366498755.8341300488
1366498755.9380047321
1366498756.0391705036
1366498756.1391234398
1366498756.2390751839
1366498756.3387544155
1366498756.43907547
1366498756.5391025543
1366498756.6391677856
1366498756.7395327091
1366498756.8390607834
1366498756.9393289089
1366498757.0392639637
1366498757.1392703056
1366498757.2393600941
1366498757.3393104076
1366498757.4393532276
1366498757.539170742
1366498757.6392855644
1366498757.7392911911
1366498757.8392722607
1366498757.9431188107
1366498758.0431771278
1366498758.1431088448
1366498758.2434248924
1366498758.3431677818
1366498758.4432771206
1366498758.5430736542
1366498758.6430549622
1366498758.7431874275
1366498758.843262434
1366498758.9432051182
1366498759.0430409908
1366498759.1429491043
1366498759.2430963516
1366498759.342746973
1366498759.443114996
1366498759.5430893898
1366498759.6431763172
1366498759.7431437969
1366498759.857820034
1366498759.9578843117
1366498760.0580630302
1366498760.1579742432
1366498760.2579646111
1366498760.3620672226
1366498760.4619691372
1366498760.5619459152
1366498760.661986351
1366498760.7619748116
1366498760.861997366
1366498760.9618694782
1366498761.0620524883
1366498761.1661829948
1366498761.265935421
1366498761.3659365177
1366498761.4660162926
1366498761.565959692
1366498761.6660699844
1366498761.7658853531
1366498761.8700137138
1366498761.9701476097
1366498762.0698869228
1366498762.1699388027
1366498762.2700688839
1366498762.3699376583
1366498762.4699761868
1366498762.5738079548
1366498762.6739089489
1366498762.7739386559
1366498762.8741104603
1366498762.9740207195
1366498763.0738382339
1366498763.1739678383
1366498763.2740252018
1366498763.3779234886
1366498763.4781904221
1366498763.5790646076
1366498763.6790266037
1366498763.7790679932
1366498763.8790979385
1366498763.9791200161
1366498764.0793890953
1366498764.179058075
1366498764.2828497887
1366498764.3828828335
1366498764.4829261303
1366498764.5827996731
1366498764.6828830242
1366498764.7830402851
1366498764.882938385
1366498764.9830465317
1366498765.0830509663
1366498765.1829981804
1366498765.2828953266
1366498765.3831987381
1366498765.5152246952
1366498765.6151702404
1366498765.7150833607
1366498765.8153932095
1366498765.9152030945
1366498766.0152053833
1366498766.1152477264
1366498766.2151722908
1366498766.3153071404
1366498766.4152178764
1366498766.5152451992
1366498766.6153280735
1366498766.7152922153
1366498766.8191490173
1366498766.9189677238
1366498767.0190792084
1366498767.1191394329
1366498767.2190651894
1366498767.3190701008
1366498767.429861784
1366498767.533690691
1366498767.6338865757
1366498767.7337777615
1366498767.8336536884
1366498767.933814764
1366498768.0335869789
1366498768.1338763237
1366498768.2383036613
1366498768.3700287342
1366498768.4700536728
1366498768.5698657036
1366498768.6700572968
1366498768.7738032341
1366498768.8737215996
1366498768.9738903046
1366498769.0736918449
1366498769.1739151478
1366498769.2740385532
1366498769.3740193844
1366498769.4778199196
1366498769.5778150558
1366498769.6778805256
1366498769.7778561115
1366498769.909992218
1366498770.0140655041
1366498770.114000082
1366498770.2139825821
1366498770.3139488697
1366498770.4498608112
1366498770.5499954224
1366498770.6818692684
1366498770.7816984653
1366498770.881865263
1366498770.9859263897
1366498771.0856411457
1366498771.1874396801
1366498771.2869763374
1366498771.3870797157
1366498771.487108469
1366498771.587294817
1366498771.6873400211
1366498771.7872726917
1366498771.8875024319
1366498771.9909687042
1366498772.0911483765
1366498772.1907756329
1366498772.291033268
1366498772.3910508156
1366498772.4910645485
1366498772.6231937408
1366498772.723195076
1366498772.8232266903
1366498772.9233970642
1366498773.0231175423
1366498773.1231143475
1366498773.2231385708
1366498773.3230855465
1366498773.4231102467
1366498773.5230197906
1366498773.623013258
1366498773.7231414318
1366498773.8229670525
1366498773.9231743813
1366498774.0230252743
1366498774.1233570576
1366498774.2231898308
1366498774.3233296871
1366498774.4232251644
1366498774.5271215439
1366498774.6270284653
1366498774.7270543575
1366498774.8271081448
1366498774.9270577431
1366498775.0380215645
1366498775.1420788765
1366498775.2419567108
1366498775.3419859409
1366498775.4420194626
1366498775.5418109894
1366498775.6418106556
1366498775.7418847084
1366498775.8422188759
1366498775.9460434914
1366498776.0780408382
1366498776.1778633595
1366498776.3137943745
1366498776.4458832741
1366498776.5461170673
1366498776.6498889923
1366498776.7498633862
1366498776.8819942474
1366498776.9820282459
1366498777.0821423531
1366498777.1861650944
1366498777.2860379219
1366498777.3861589432
1366498777.4858920574
1366498777.5857703686
1366498777.6860501766
1366498777.7858273983
1366498777.9217972755
1366498778.0539824963
1366498778.1580824852
1366498778.2578852177
1366498778.3581814766
1366498778.4584751129
1366498778.5581963062
1366498778.694047451
1366498778.7940468788
1366498778.8952393532
1366498778.9951438904
1366498779.0951552391
1366498779.1952002048
1366498779.2952456474
1366498779.3951041698
1366498779.4950885773
1366498779.5988681316
1366498779.6988492012
1366498779.7988343239
1366498779.8988468647
1366498779.9988293648
1366498780.0989019871
1366498780.1992547512
1366498780.2991287708
1366498780.431125164
1366498780.5629825592
1366498780.6630456448
1366498780.7633035183
1366498780.8668484688
1366498780.9671065807
1366498781.0669999123
1366498781.1670603752
1366498781.2997584343
1366498781.4323813915
1366498781.5312924385
1366498781.6313092709
1366498781.7311153412
1366498781.8308804035
1366498781.9314203262
1366498782.0312452316
1366498782.13514328
1366498782.2355103493
1366498782.3350160122
1366498782.4348118305
1366498782.535007
1366498782.6462144852
1366498782.7498123646
1366498782.849956274
1366498782.9498813152
1366498783.0500590801
1366498783.1496753693
1366498783.2496168613
1366498783.3499732018
1366498783.4497866631
1366498783.5539274216
1366498783.6539041996
1366498783.7539694309
1366498783.8539264202
1366498783.9905648232
1366498784.1221189499
1366498784.2219891548
1366498784.3219504356
1366498784.4220309258
1366498784.5259125233
1366498784.6580502987
1366498784.7580001354
1366498784.858076334
1366498784.9619297981
1366498785.0618343353
1366498785.1619772911
1366498785.2620196342
1366498785.3617789745
1366498785.4621744156
1366498785.5619454384
1366498785.6619949341
1366498785.765914917
1366498785.8658411503
1366498785.9659774303
1366498786.0666069984
1366498786.2020235062
1366498786.3025333881
1366498786.4018497467
1366498786.5030171871
1366498786.603451252
1366498786.7029771805
1366498786.803599596
1366498786.9030423164
1366498787.003121376
1366498787.1030807495
1366498787.2031071186
1366498787.3074469566
1366498787.4074785709
1366498787.5073955059
1366498787.6074485779
1366498787.7069532871
1366498787.8069550991
1366498787.9069473743
1366498788.0069105625
1366498788.1069338322
1366498788.2072796822
1366498788.3071718216
1366498788.4070253372
1366498788.5069301128
1366498788.6070067883
1366498788.7070167065
1366498788.8069419861
1366498788.906942606
1366498789.0069799423
1366498789.1070904732
1366498789.2391064167
1366498789.3390734196
1366498789.4391491413
1366498789.5390880108
1366498789.6391515732
1366498789.7392623425
1366498789.843026638
1366498789.9430904388
1366498790.0429058075
1366498790.1428806782
1366498790.2428767681
1366498790.3539664745
1366498790.4576256275
1366498790.5575535297
1366498790.6578273773
1366498790.7576506138
1366498790.8579263687
1366498790.957908392
1366498791.0575516224
1366498791.1619329453
1366498791.2618131638
1366498791.3619110584
1366498791.4620289803
1366498791.5618863106
1366498791.6618320942
1366498791.7619731426
1366498791.8659505844
1366498791.9979176521
1366498792.0972130299
1366498792.1978676319
1366498792.2974755764
1366498792.4018585682
1366498792.5020372868
1366498792.6021289825
1366498792.7338175774
1366498792.8377370834
1366498792.9377322197
1366498793.0377080441
1366498793.1376574039
1366498793.2377457619
1366498793.33766675
1366498793.4377360344
1366498793.5378615856
1366498793.6415519714
1366498793.7414784431
1366498793.8417150974
1366498793.9417972565
1366498794.0468745232
1366498794.1470332146
1366498794.2791244984
1366498794.379348278
1366498794.4794340134
1366498794.5791876316
1366498794.679153204
1366498794.7791500092
1366498794.878880024
1366498794.9792115688
1366498795.0796365738
1366498795.1789565086
1366498795.2790701389
1366498795.379183054
1366498795.4792370796
1366498795.5792250633
1366498795.6792063713
1366498795.7791001797
1366498795.8792204857
1366498795.9792480469
1366498796.0792753696
1366498796.1828751564
1366498796.2830183506
1366498796.3830997944
1366498796.483196497
1366498796.5829656124
1366498796.6831464767
1366498796.7829844952
1366498796.8830840588
1366498796.9829752445
1366498797.0829708576
1366498797.1829719543
1366498797.2828364372
1366498797.3829791546
1366498797.4830493927
1366498797.5829143524
1366498797.6830792427
1366498797.7828781605
1366498797.8983821869
1366498798.0303506851
1366498798.1297528744
1366498798.2301902771
1366498798.3338503838
1366498798.4343400002
1366498798.5337443352
1366498798.6340441704
1366498798.733849287
1366498798.8338069916
1366498798.9338474274
1366498799.0378797054
1366498799.1378083229
1366498799.2380282879
1366498799.337886095
1366498799.4379873276
1366498799.5383424759
1366498799.6378791332
1366498799.7416930199
1366498799.8417475224
1366498799.941899538
1366498800.0417366028
1366498800.1418642998
1366498800.2416675091
1366498800.3417932987
1366498800.4417743683
1366498800.5457241535
1366498800.6456713676
1366498800.745765686
1366498800.8458738327
1366498800.9461512566
1366498801.0457530022
1366498801.1461002827
1366498801.2496843338
1366498801.3502259254
1366498801.4497148991
1366498801.5493729115
1366498801.6499116421
1366498801.7549052238
1366498801.854899168
1366498801.9548945427
1366498802.0546045303
1366498802.1548831463
1366498802.2549488544
1366498802.354675293
1366498802.4548671246
1366498802.5549557209
1366498802.654966116
1366498802.7550323009
1366498802.8549692631
1366498802.9550404549
1366498803.0549564362
1366498803.154979229
1366498803.2550151348
1366498803.3550052643
1366498803.4548740387
1366498803.5550363064
1366498803.6549277306
1366498803.7553274632
1366498803.8549077511
1366498803.9550721645
1366498804.0550887585
1366498804.1550552845
1366498804.2541246414
1366498804.3540966511
1366498804.4549577236
