1492737347.95
1492737348.01
1492737348.07
1492737348.16
1492737348.22
1492737348.3
1492737348.43
1492737348.57
1492737348.64
1492737348.71
1492737348.9
1492737349.15
1492737349.33
1492737349.5
1492737349.57
1492737349.64
1492737349.71
1492737349.86
1492737349.99
1492737350.06
1492737350.24
1492737350.36
1492737350.49
1492737350.76
1492737350.88
1492737351.04
1492737351.11
1492737351.2
1492737351.31
1492737351.44
1492737351.68
1492737351.71
1492737351.91
1492737352.04
1492737352.07
1492737352.29
1492737352.4
1492737352.47
1492737352.51
1492737352.75
1492737352.87
1492737353.02
1492737353.15
1492737353.2
1492737353.34
1492737353.4
1492737353.67
1492737353.73
1492737354.0
1492737354.06
1492737354.2
1492737354.26
1492737354.33
1492737354.39
1492737354.46
1492737354.6
1492737354.73
1492737354.79
1492737354.91
1492737355.1
1492737355.2
1492737355.23
1492737355.4
1492737355.49
1492737355.58
1492737355.71
1492737355.85
1492737355.95
1492737356.08
1492737356.21
1492737356.29
1492737356.43
1492737356.55
1492737356.63
1492737356.7
1492737356.81
1492737356.98
1492737357.1
1492737357.17
1492737357.29
1492737357.45
1492737357.52
1492737357.59
1492737357.67
1492737357.74
1492737357.76
1492737357.94
1492737358.05
1492737358.17
1492737358.36
1492737358.43
1492737358.49
1492737358.57
1492737358.67
1492737358.77
1492737358.82
1492737359.0
1492737359.13
1492737359.28
1492737359.38
1492737359.45
1492737359.53
1492737359.66
1492737359.77
1492737359.86
1492737359.92
1492737360.05
1492737360.14
1492737360.2
1492737360.26
1492737360.4
1492737360.52
1492737360.88
1492737360.98
1492737361.02
1492737361.15
1492737361.34
1492737361.45
1492737361.54
1492737361.67
1492737361.79
1492737361.86
1492737361.94
1492737362.0
1492737362.13
1492737362.25
1492737362.31
1492737362.4
1492737362.53
1492737362.66
1492737362.8
1492737362.91
1492737363.14
1492737363.19
1492737363.27
1492737363.39
1492737363.46
1492737363.59
1492737363.72
1492737363.87
1492737364.0
1492737364.11
1492737364.17
1492737364.24
1492737364.33
1492737364.6
1492737364.62
1492737364.79
1492737364.94
1492737365.0
1492737365.15
1492737365.24
1492737365.33
1492737365.39
1492737365.48
1492737365.66
1492737365.86
1492737365.93
1492737366.1
1492737366.24
1492737366.4
1492737366.46
1492737366.56
1492737366.67
1492737366.79
1492737366.85
1492737367.03
1492737367.12
1492737367.19
1492737367.33
1492737367.4
1492737367.45
1492737367.56
1492737367.62
1492737367.77
1492737367.84
1492737368.05
1492737368.21
1492737368.38
1492737368.51
1492737368.61
1492737368.79
1492737368.82
1492737368.95
1492737369.06
1492737369.13
1492737369.32
1492737369.4
1492737369.46
1492737369.58
1492737369.65
1492737369.75
1492737369.85
1492737369.92
1492737369.99
1492737370.1
1492737370.17
1492737370.3
1492737370.43
1492737370.56
1492737370.62
1492737370.78
1492737370.9
1492737370.96
1492737371.07
1492737371.17
1492737371.21
1492737371.33
1492737371.4
1492737371.47
1492737371.59
1492737371.67
1492737371.78
1492737371.92
1492737371.98
1492737372.15
1492737372.21
1492737372.37
1492737372.51
1492737372.63
1492737372.69
1492737372.78
1492737372.92
1492737373.09
1492737373.13
1492737373.21
1492737373.37
1492737373.5
1492737373.55
1492737373.65
1492737373.96
1492737374.02
1492737374.2
1492737374.29
1492737374.38
1492737374.47
1492737374.61
1492737374.74
1492737374.77
1492737374.9
1492737375.04
1492737375.17
1492737375.36
1492737375.5
1492737375.56
1492737375.62
1492737375.69
1492737375.81
1492737375.93
1492737376.08
1492737376.18
1492737376.25
1492737376.29
1492737376.43
1492737376.49
1492737376.63
1492737376.73
1492737376.85
1492737376.91
1492737377.12
1492737377.32
1492737377.37
1492737377.59
1492737377.7
1492737377.83
1492737377.93
1492737378.04
1492737378.37
1492737378.49
1492737378.63
1492737378.72
1492737378.87
1492737378.95
1492737379.03
1492737379.14
1492737379.23
1492737379.35
1492737379.45
1492737379.59
1492737379.65
1492737379.79
1492737379.84
1492737380.03
1492737380.18
1492737380.29
1492737380.46
1492737380.51
1492737380.65
1492737380.73
1492737380.81
1492737380.93
1492737380.96
1492737381.1
1492737381.17
1492737381.31
1492737381.36
1492737381.46
1492737381.53
1492737381.64
1492737381.74
1492737381.8
1492737381.9
1492737381.96
1492737382.13
1492737382.26
1492737382.39
1492737382.46
1492737382.55
1492737382.65
1492737382.73
1492737382.79
1492737382.97
1492737383.03
1492737383.17
1492737383.24
1492737383.3
1492737383.44
1492737383.5
1492737383.57
1492737383.63
1492737383.84
1492737384.07
1492737384.16
1492737384.28
1492737384.34
1492737384.4
1492737384.54
1492737384.62
1492737384.71
1492737384.87
1492737384.91
1492737385.05
1492737385.13
1492737385.17
1492737385.33
1492737385.4
1492737385.54
1492737385.67
1492737385.8
1492737385.94
1492737386.0
1492737386.14
1492737386.2
1492737386.29
1492737386.43
1492737386.56
1492737386.62
1492737386.75
1492737386.89
1492737387.01
1492737387.13
1492737387.16
1492737387.33
1492737387.44
1492737387.51
1492737387.62
1492737387.69
1492737387.88
1492737387.94
1492737388.16
1492737388.29
1492737388.35
1492737388.43
1492737388.56
1492737388.76
1492737388.83
1492737388.96
1492737389.03
1492737389.22
1492737389.35
1492737389.47
1492737389.59
1492737389.73
1492737389.84
1492737389.96
1492737390.03
1492737390.17
1492737390.25
1492737390.3
1492737390.39
1492737390.51
1492737390.56
1492737390.62
1492737390.71
1492737390.81
1492737390.95
1492737391.05
1492737391.12
1492737391.2
1492737391.33
1492737391.47
1492737391.66
1492737391.79
1492737391.92
1492737391.99
1492737392.06
1492737392.18
1492737392.32
1492737392.45
1492737392.52
1492737392.66
1492737392.72
1492737392.92
1492737393.07
1492737393.19
1492737393.34
1492737393.46
1492737393.59
1492737393.67
1492737393.76
1492737393.84
1492737393.95
1492737394.02
1492737394.09
1492737394.16
1492737394.26
1492737394.43
1492737394.53
1492737394.62
1492737394.74
1492737394.98
1492737395.17
1492737395.24
1492737395.32
1492737395.39
1492737395.57
1492737395.64
1492737395.76
1492737395.85
1492737395.92
1492737396.0
1492737396.03
1492737396.17
1492737396.35
1492737396.47
1492737396.6
1492737396.82
1492737397.02
1492737397.08
1492737397.12
1492737397.27
1492737397.34
1492737397.46
1492737397.53
1492737397.59
1492737397.67
1492737397.76
1492737397.84
1492737397.96
1492737398.17
1492737398.24
1492737398.33
1492737398.4
1492737398.74
1492737398.81
1492737398.88
1492737398.96
1492737399.04
1492737399.14
1492737399.24
1492737399.51
1492737399.57
1492737399.65
1492737399.75
1492737399.83
1492737399.87
1492737399.93
1492737400.1
1492737400.2
1492737400.26
1492737400.46
1492737400.55
1492737400.66
1492737400.73
1492737400.81
1492737400.86
1492737400.98
1492737401.12
1492737401.24
1492737401.37
1492737401.43
1492737401.57
1492737401.73
1492737401.79
1492737401.89
1492737402.04
1492737402.12
1492737402.3
1492737402.36
