1493743295.79
1493743295.87
1493743295.95
1493743296.01
1493743296.11
1493743296.16
1493743296.33
1493743296.42
1493743296.51
1493743296.62
1493743296.69
1493743296.86
1493743296.97
1493743297.18
1493743297.36
1493743297.42
1493743297.53
1493743297.73
1493743297.83
1493743298.02
1493743298.07
1493743298.43
1493743298.51
1493743298.57
1493743298.81
1493743298.92
1493743298.99
1493743299.13
1493743299.22
1493743299.31
1493743299.45
1493743299.52
1493743299.59
1493743299.67
1493743299.78
1493743299.86
1493743299.93
1493743300.07
1493743300.23
1493743300.37
1493743300.48
1493743300.56
1493743300.63
1493743300.77
1493743300.85
1493743300.92
1493743301.03
1493743301.08
1493743301.26
1493743301.39
1493743301.47
1493743301.56
1493743301.66
1493743301.76
1493743301.87
1493743301.97
1493743302.03
1493743302.13
1493743302.26
1493743302.4
1493743302.59
1493743302.73
1493743302.81
1493743303.0
1493743303.07
1493743303.14
1493743303.19
1493743303.3
1493743303.39
1493743303.48
1493743303.57
1493743303.64
1493743303.77
1493743303.84
1493743303.95
1493743304.05
1493743304.1
1493743304.25
1493743304.32
1493743304.45
1493743304.57
1493743304.65
1493743304.71
1493743304.81
1493743304.93
1493743305.03
1493743305.14
1493743305.23
1493743305.34
1493743305.36
1493743305.5
1493743305.55
1493743305.66
1493743305.76
1493743305.9
1493743305.97
1493743306.16
1493743306.33
1493743306.46
1493743306.57
1493743306.65
1493743306.83
1493743306.95
1493743307.07
1493743307.21
1493743307.35
1493743307.43
1493743307.51
1493743307.56
1493743307.7
1493743307.79
1493743307.86
1493743308.03
1493743308.2
1493743308.29
1493743308.35
1493743308.45
1493743308.53
1493743308.62
1493743308.67
1493743308.82
1493743308.89
1493743309.0
1493743309.09
1493743309.18
1493743309.26
1493743309.36
1493743309.39
1493743309.61
1493743309.7
1493743309.75
1493743309.84
1493743309.95
1493743310.13
1493743310.23
1493743310.36
1493743310.44
1493743310.58
1493743310.66
1493743310.76
1493743310.82
1493743310.99
1493743311.1
1493743311.23
1493743311.4
1493743311.45
1493743311.61
1493743311.72
1493743311.85
1493743311.95
1493743312.02
1493743312.13
1493743312.19
1493743312.3
1493743312.47
1493743312.53
1493743312.66
1493743312.77
1493743312.8
1493743312.92
1493743313.05
1493743313.21
1493743313.25
1493743313.41
1493743313.51
1493743313.58
1493743313.76
1493743313.82
1493743314.0
1493743314.06
1493743314.12
1493743314.26
1493743314.33
1493743314.53
1493743314.69
1493743314.82
1493743314.86
1493743315.06
1493743315.13
1493743315.25
1493743315.48
1493743315.63
1493743315.67
1493743315.96
1493743316.03
1493743316.15
1493743316.21
1493743316.3
1493743316.36
1493743316.58
1493743316.66
1493743316.73
1493743316.83
1493743316.93
1493743317.05
1493743317.25
1493743317.46
1493743317.52
1493743317.62
1493743317.68
1493743317.76
1493743317.96
1493743318.09
1493743318.15
1493743318.23
1493743318.33
1493743318.54
1493743318.75
1493743318.88
1493743318.98
1493743319.04
1493743319.16
1493743319.25
1493743319.34
1493743319.46
1493743319.59
1493743319.69
1493743319.81
1493743319.91
1493743319.99
1493743320.09
1493743320.15
1493743320.43
1493743320.56
1493743320.68
1493743320.82
1493743320.9
1493743320.99
1493743321.17
1493743321.26
1493743321.39
1493743321.48
1493743321.58
1493743321.67
1493743321.88
1493743322.02
1493743322.04
1493743322.16
1493743322.23
1493743322.37
1493743322.45
1493743322.62
1493743322.69
1493743322.79
1493743322.86
1493743323.01
1493743323.22
1493743323.29
1493743323.35
1493743323.45
1493743323.62
1493743323.68
1493743323.83
1493743323.92
1493743324.02
1493743324.1
1493743324.18
1493743324.37
1493743324.49
1493743324.54
1493743324.66
1493743324.76
1493743324.85
1493743325.1
1493743325.16
1493743325.31
1493743325.44
1493743325.48
1493743325.66
1493743325.77
1493743325.86
1493743325.95
1493743326.03
1493743326.25
1493743326.39
1493743326.46
1493743326.52
1493743326.62
1493743326.73
1493743326.81
1493743326.88
1493743327.08
1493743327.18
1493743327.28
1493743327.36
1493743327.51
1493743327.69
1493743327.89
1493743328.02
1493743328.08
1493743328.14
1493743328.23
1493743328.41
1493743328.56
1493743328.64
1493743328.71
1493743328.78
1493743328.83
1493743328.93
1493743329.05
1493743329.14
1493743329.21
1493743329.33
1493743329.56
1493743329.7
1493743329.85
1493743329.97
1493743330.06
1493743330.17
1493743330.26
1493743330.36
1493743330.42
1493743330.53
1493743330.6
1493743330.73
1493743330.88
1493743331.0
1493743331.15
1493743331.31
1493743331.4
1493743331.63
1493743331.71
1493743331.85
1493743332.0
1493743332.14
1493743332.19
1493743332.31
1493743332.44
1493743332.52
1493743332.62
1493743332.68
1493743332.77
1493743332.89
1493743332.96
1493743333.03
1493743333.13
1493743333.48
1493743333.56
1493743333.65
1493743333.75
1493743333.85
1493743333.95
1493743333.99
1493743334.12
1493743334.21
1493743334.26
1493743334.37
1493743334.46
1493743334.54
1493743334.59
1493743334.72
1493743334.8
1493743334.88
1493743335.02
1493743335.12
1493743335.22
1493743335.33
1493743335.42
1493743335.57
1493743335.64
1493743335.72
1493743335.84
1493743336.01
1493743336.1
1493743336.19
1493743336.33
1493743336.39
1493743336.5
1493743336.55
1493743336.71
1493743336.77
1493743336.86
1493743336.95
1493743337.08
1493743337.18
1493743337.33
1493743337.43
1493743337.5
1493743337.64
1493743337.7
1493743337.81
1493743337.91
1493743338.0
1493743338.12
1493743338.18
1493743338.26
1493743338.37
1493743338.44
1493743338.55
1493743338.62
1493743338.84
1493743338.93
1493743338.99
1493743339.17
1493743339.25
1493743339.33
1493743339.42
1493743339.46
1493743339.58
1493743339.67
1493743339.74
1493743339.83
1493743339.96
1493743340.06
1493743340.15
1493743340.27
1493743340.33
1493743340.46
1493743340.55
1493743340.66
1493743340.73
1493743340.8
1493743340.89
1493743340.99
1493743341.06
1493743341.16
1493743341.23
1493743341.35
1493743341.41
1493743341.54
1493743341.57
1493743341.7
1493743341.81
1493743341.91
1493743342.0
1493743342.14
1493743342.23
1493743342.33
1493743342.45
1493743342.62
1493743342.71
1493743342.85
1493743342.89
1493743343.02
1493743343.11
1493743343.19
1493743343.24
1493743343.36
1493743343.44
1493743343.61
1493743343.73
1493743343.83
1493743343.94
1493743344.07
1493743344.18
1493743344.24
1493743344.4
1493743344.52
1493743344.72
1493743344.82
1493743344.9
1493743344.98
1493743345.05
1493743345.17
1493743345.23
1493743345.31
1493743345.54
1493743345.67
1493743345.84
1493743345.9
1493743346.04
1493743346.12
1493743346.18
1493743346.27
1493743346.36
1493743346.49
1493743346.59
1493743346.71
1493743346.81
1493743346.97
1493743347.05
1493743347.21
1493743347.29
1493743347.45
1493743347.56
1493743347.68
1493743347.81
1493743347.92
1493743347.97
1493743348.06
1493743348.16
1493743348.29
1493743348.43
1493743348.49
1493743348.66
1493743348.78
1493743348.89
1493743348.98
1493743349.12
1493743349.19
1493743349.33
1493743349.49
1493743349.57
1493743349.67
1493743349.75
1493743349.84
1493743350.0
1493743350.12
1493743350.2
1493743350.4
1493743350.5
1493743350.59
1493743350.71
1493743350.8
1493743350.86
1493743351.0
1493743351.08
1493743351.18
1493743351.48
1493743351.56
1493743351.69
1493743351.82
1493743351.89
1493743352.25
1493743352.33
1493743352.42
1493743352.6
1493743352.67
1493743352.79
1493743353.01
1493743353.13
1493743353.28
1493743353.4
1493743353.47
1493743353.62
1493743353.75
1493743353.84
1493743353.94
1493743354.04
1493743354.21
1493743354.32
1493743354.38
1493743354.53
1493743354.62
1493743354.7
1493743354.76
1493743354.87
1493743354.92
1493743355.14
1493743355.27
1493743355.51
1493743355.66
1493743355.76
1493743355.82
1493743355.93
1493743356.07
1493743356.13
1493743356.3
1493743356.43
1493743356.5
1493743356.62
1493743356.72
1493743356.8
1493743356.94
1493743357.03
1493743357.11
1493743357.19
1493743357.37
1493743357.43
1493743357.62
1493743357.69
1493743357.79
1493743357.93
1493743357.99
1493743358.2
1493743358.26
1493743358.37
1493743358.5
1493743358.59
1493743358.82
1493743358.92
1493743358.98
1493743359.16
1493743359.29
1493743359.35
1493743359.51
1493743359.6
1493743359.7
1493743359.79
1493743359.94
1493743360.06
1493743360.19
1493743360.38
1493743360.47
1493743360.54
1493743360.65
1493743360.75
1493743360.9
1493743360.96
1493743361.11
1493743361.38
1493743361.44
1493743361.55
1493743361.67
1493743361.77
1493743361.86
1493743362.02
1493743362.13
1493743362.2
1493743362.37
1493743362.48
1493743362.52
1493743362.69
1493743362.72
1493743362.85
1493743363.16
1493743363.23
1493743363.36
1493743363.41
1493743363.56
1493743363.64
1493743363.81
1493743363.9
1493743364.02
1493743364.15
1493743364.3
1493743364.39
1493743364.5
1493743364.63
1493743364.89
1493743365.02
1493743365.08
1493743365.16
1493743365.32
1493743365.65
1493743365.77
1493743365.94
1493743366.13
1493743366.21
1493743366.28
1493743366.39
1493743366.46
1493743366.62
1493743366.77
1493743366.83
1493743366.96
1493743367.04
1493743367.11
1493743367.19
1493743367.24
1493743367.43
1493743367.5
1493743367.6
1493743367.7
1493743367.77
1493743367.96
1493743368.12
1493743368.2
1493743368.31
1493743368.38
1493743368.49
1493743368.61
1493743368.68
1493743368.77
1493743368.87
1493743368.95
1493743369.12
1493743369.25
1493743369.39
1493743369.49
1493743369.61
1493743369.69
1493743369.76
1493743369.89
1493743369.96
1493743370.17
1493743370.26
1493743370.32
1493743370.4
1493743370.5
1493743370.53
1493743370.7
1493743370.79
1493743370.89
1493743371.01
1493743371.38
1493743371.52
1493743371.62
1493743371.83
1493743371.97
1493743372.21
1493743372.33
1493743372.46
1493743372.57
1493743372.63
1493743372.76
1493743372.83
1493743373.02
1493743373.11
1493743373.2
1493743373.32
1493743373.4
1493743373.47
1493743373.59
1493743373.68
1493743373.76
1493743373.89
1493743373.96
1493743374.18
1493743374.3
1493743374.42
1493743374.55
1493743374.66
1493743374.78
1493743374.86
1493743375.06
1493743375.18
1493743375.32
1493743375.39
1493743375.46
1493743375.56
1493743375.67
1493743375.69
1493743375.83
1493743375.92
1493743376.01
1493743376.07
1493743376.2
1493743376.3
1493743376.47
1493743376.57
1493743376.63
1493743376.73
1493743376.87
1493743377.01
1493743377.05
1493743377.16
1493743377.27
1493743377.35
1493743377.43
1493743377.55
1493743377.7
1493743377.84
1493743377.9
1493743378.01
1493743378.22
1493743378.28
1493743378.36
1493743378.46
1493743378.6
1493743378.69
1493743378.79
1493743378.93
1493743379.02
1493743379.12
1493743379.25
1493743379.38
1493743379.47
1493743379.55
1493743379.71
1493743379.86
1493743380.03
1493743380.07
1493743380.28
1493743380.34
1493743380.5
1493743380.59
1493743380.73
1493743380.93
1493743381.05
1493743381.17
1493743381.28
1493743381.35
1493743381.46
1493743381.59
1493743381.73
1493743381.85
1493743381.93
1493743382.03
1493743382.15
1493743382.21
1493743382.3
1493743382.39
1493743382.46
1493743382.6
1493743382.68
1493743382.81
1493743382.92
1493743383.02
1493743383.17
1493743383.22
1493743383.35
1493743383.41
1493743383.48
1493743383.62
1493743383.76
1493743383.85
1493743383.98
1493743384.12
1493743384.19
1493743384.29
1493743384.39
1493743384.51
1493743384.6
1493743384.68
1493743384.81
1493743384.89
1493743385.09
1493743385.14
1493743385.22
1493743385.29
1493743385.44
1493743385.51
1493743385.62
1493743385.73
1493743385.89
1493743386.06
1493743386.17
1493743386.29
1493743386.41
1493743386.52
1493743386.65
1493743386.78
1493743386.91
1493743387.01
1493743387.09
1493743387.17
1493743387.23
1493743387.43
1493743387.57
1493743387.66
1493743387.73
1493743387.84
1493743388.01
1493743388.08
1493743388.2
1493743388.38
1493743388.48
1493743388.62
1493743388.67
1493743388.77
1493743388.87
1493743389.18
1493743389.26
1493743389.35
1493743389.42
1493743389.58
1493743389.65
1493743389.78
1493743389.86
1493743389.95
1493743390.16
1493743390.36
1493743390.51
1493743390.63
1493743390.77
1493743391.0
1493743391.12
1493743391.35
1493743391.48
1493743391.55
1493743391.61
1493743391.7
1493743391.81
1493743392.01
1493743392.15
