1493750284.06
1493750284.12
1493750284.18
1493750284.31
1493750284.39
1493750284.46
1493750284.59
1493750284.67
1493750284.8
1493750284.98
1493750285.06
1493750285.11
1493750285.31
1493750285.37
1493750285.66
1493750285.76
1493750285.99
1493750286.08
1493750286.39
1493750286.45
1493750286.52
1493750286.61
1493750286.72
1493750286.81
1493750286.88
1493750287.02
1493750287.08
1493750287.3
1493750287.38
1493750287.45
1493750287.52
1493750287.69
1493750287.78
1493750287.84
1493750287.94
1493750288.06
1493750288.12
1493750288.24
1493750288.37
1493750288.43
1493750288.56
1493750288.62
1493750288.82
1493750288.92
1493750289.04
1493750289.11
1493750289.3
1493750289.38
1493750289.47
1493750289.52
1493750289.65
1493750289.84
1493750289.9
1493750290.0
1493750290.07
1493750290.18
1493750290.28
1493750290.4
1493750290.54
1493750290.75
1493750290.86
1493750290.92
1493750291.03
1493750291.14
1493750291.24
1493750291.32
1493750291.41
1493750291.49
1493750291.55
1493750291.63
1493750291.75
1493750291.82
1493750291.98
1493750292.13
1493750292.22
1493750292.29
1493750292.42
1493750292.59
1493750292.65
1493750292.75
1493750292.83
1493750292.91
1493750293.04
1493750293.12
1493750293.16
1493750293.26
1493750293.37
1493750293.48
1493750293.61
1493750293.74
1493750293.91
1493750294.07
1493750294.15
1493750294.29
1493750294.36
1493750294.42
1493750294.58
1493750294.69
1493750294.78
1493750294.92
1493750294.96
1493750295.04
1493750295.15
1493750295.23
1493750295.31
1493750295.48
1493750295.59
1493750295.68
1493750295.79
1493750295.87
1493750296.04
1493750296.12
1493750296.26
1493750296.35
1493750296.45
1493750296.54
1493750296.66
1493750296.72
1493750296.81
1493750296.89
1493750297.01
1493750297.13
1493750297.25
1493750297.3
1493750297.57
1493750297.65
1493750297.76
1493750297.84
1493750297.94
1493750297.99
1493750298.15
1493750298.19
1493750298.37
1493750298.45
1493750298.58
1493750298.69
1493750298.79
1493750298.92
1493750299.01
1493750299.09
1493750299.18
1493750299.32
1493750299.36
1493750299.48
1493750299.53
1493750299.66
1493750299.77
1493750299.89
1493750299.99
1493750300.15
1493750300.3
1493750300.37
1493750300.49
1493750300.55
1493750300.68
1493750300.79
1493750300.85
1493750300.94
1493750301.11
1493750301.25
1493750301.33
1493750301.44
1493750301.64
1493750301.7
1493750301.82
1493750301.87
1493750302.09
1493750302.2
1493750302.44
1493750302.57
1493750302.64
1493750302.71
1493750302.79
1493750302.87
1493750302.97
1493750303.1
1493750303.2
1493750303.3
1493750303.42
1493750303.49
1493750303.56
1493750303.65
1493750303.74
1493750303.86
1493750303.9
1493750304.2
1493750304.32
1493750304.44
1493750304.52
1493750304.6
1493750304.83
1493750304.91
1493750305.01
1493750305.09
1493750305.27
1493750305.34
1493750305.56
1493750305.65
1493750305.69
1493750305.86
1493750305.93
1493750306.06
1493750306.1
1493750306.29
1493750306.4
1493750306.47
1493750306.58
1493750306.71
1493750306.79
1493750306.95
1493750307.05
1493750307.17
1493750307.22
1493750307.39
1493750307.47
1493750307.51
1493750307.64
1493750307.72
1493750307.93
1493750308.02
1493750308.08
1493750308.18
1493750308.36
1493750308.42
1493750308.47
1493750308.59
1493750308.72
1493750308.81
1493750308.9
1493750308.96
1493750309.06
1493750309.25
1493750309.31
1493750309.38
1493750309.52
1493750309.59
1493750309.68
1493750309.8
1493750309.94
1493750310.09
1493750310.16
1493750310.29
1493750310.42
1493750310.52
1493750310.7
1493750310.76
1493750310.87
1493750310.95
1493750311.02
1493750311.12
1493750311.23
1493750311.31
1493750311.37
1493750311.42
1493750311.61
1493750311.68
1493750311.78
1493750311.83
1493750312.03
1493750312.11
1493750312.25
1493750312.31
1493750312.42
1493750312.52
1493750312.55
1493750312.68
1493750312.79
1493750312.86
1493750312.97
1493750313.08
1493750313.22
1493750313.31
1493750313.4
1493750313.6
1493750313.67
1493750313.78
1493750313.84
1493750313.96
1493750314.06
1493750314.12
1493750314.43
1493750314.55
1493750314.61
1493750314.68
1493750314.76
1493750314.83
1493750314.96
1493750315.07
1493750315.14
1493750315.23
1493750315.32
1493750315.45
1493750315.52
1493750315.65
1493750315.76
1493750315.99
1493750316.17
1493750316.22
1493750316.43
1493750316.53
1493750316.7
1493750316.78
1493750316.86
1493750316.98
1493750317.09
1493750317.16
1493750317.21
1493750317.32
1493750317.41
1493750317.49
1493750317.58
1493750317.64
1493750317.76
1493750317.85
1493750317.97
1493750318.1
1493750318.26
1493750318.33
1493750318.43
1493750318.53
1493750318.61
1493750318.76
1493750318.86
1493750318.99
1493750319.13
1493750319.16
1493750319.32
1493750319.38
1493750319.49
1493750319.57
1493750319.64
1493750319.76
1493750319.86
1493750319.93
1493750320.04
1493750320.13
1493750320.26
1493750320.38
1493750320.54
1493750320.65
1493750320.74
1493750320.87
1493750320.97
1493750321.22
1493750321.31
1493750321.38
1493750321.52
1493750321.59
1493750321.65
1493750321.79
1493750321.91
1493750321.95
1493750322.09
1493750322.19
1493750322.26
1493750322.32
1493750322.48
1493750322.6
1493750322.62
1493750322.75
1493750322.83
1493750322.91
1493750323.0
1493750323.05
1493750323.16
1493750323.36
1493750323.41
1493750323.52
1493750323.59
1493750323.73
1493750323.83
1493750323.93
1493750324.09
1493750324.18
1493750324.31
1493750324.43
1493750324.55
1493750324.62
1493750324.71
1493750324.79
1493750324.9
1493750324.96
1493750325.09
1493750325.19
1493750325.33
1493750325.45
1493750325.56
1493750325.69
1493750325.79
1493750325.85
1493750325.9
1493750326.01
1493750326.08
1493750326.19
1493750326.41
1493750326.49
1493750326.56
1493750326.66
1493750326.72
1493750326.81
1493750326.87
1493750327.06
1493750327.15
1493750327.32
1493750327.39
1493750327.53
1493750327.63
1493750327.72
1493750327.83
1493750327.89
1493750328.04
1493750328.1
1493750328.25
1493750328.38
1493750328.46
1493750328.57
1493750328.72
1493750328.82
1493750328.99
1493750329.13
1493750329.19
1493750329.32
1493750329.39
1493750329.48
1493750329.57
1493750329.64
1493750329.75
1493750329.87
1493750330.04
1493750330.15
1493750330.3
1493750330.36
1493750330.45
1493750330.54
1493750330.66
1493750330.78
1493750330.85
1493750330.98
1493750331.12
1493750331.19
1493750331.29
1493750331.35
1493750331.46
1493750331.52
1493750331.63
1493750331.69
1493750331.82
1493750331.88
1493750331.98
1493750332.16
1493750332.19
1493750332.35
1493750332.44
1493750332.46
1493750332.68
1493750332.75
1493750332.86
1493750332.92
1493750333.05
1493750333.21
1493750333.27
1493750333.36
1493750333.42
1493750333.56
1493750333.63
1493750333.91
1493750333.97
1493750334.05
1493750334.19
1493750334.29
1493750334.45
1493750334.6
1493750334.67
1493750334.76
1493750334.85
1493750334.94
1493750335.09
1493750335.19
1493750335.3
1493750335.39
1493750335.48
1493750335.55
1493750335.62
1493750335.8
1493750335.88
1493750335.96
1493750336.09
1493750336.2
1493750336.31
1493750336.38
1493750336.44
1493750336.55
1493750336.67
1493750336.8
1493750336.93
1493750337.1
1493750337.17
1493750337.23
1493750337.36
1493750337.44
1493750337.6
1493750337.74
1493750337.82
1493750337.87
1493750338.02
1493750338.11
1493750338.18
1493750338.25
1493750338.46
1493750338.55
1493750338.6
1493750338.76
1493750338.88
1493750338.96
1493750339.06
1493750339.26
1493750339.32
1493750339.43
1493750339.54
1493750339.59
1493750339.66
1493750339.72
1493750339.85
1493750339.96
1493750340.06
1493750340.19
1493750340.23
1493750340.38
1493750340.43
1493750340.54
1493750340.63
1493750340.7
1493750340.76
1493750340.83
1493750340.94
1493750341.03
1493750341.19
1493750341.29
1493750341.44
1493750341.52
1493750341.59
1493750341.68
1493750341.83
1493750341.93
1493750342.01
1493750342.07
1493750342.13
1493750342.26
1493750342.34
1493750342.54
1493750342.61
1493750342.68
1493750342.79
1493750342.96
1493750343.04
1493750343.09
1493750343.2
1493750343.29
1493750343.42
1493750343.53
1493750343.59
1493750343.87
1493750343.95
1493750344.01
1493750344.14
1493750344.27
1493750344.49
1493750344.56
1493750344.61
1493750344.73
1493750344.82
1493750344.89
1493750344.98
1493750345.05
1493750345.29
1493750345.35
1493750345.46
1493750345.5
1493750345.6
1493750345.72
1493750345.84
1493750345.98
1493750346.05
1493750346.15
1493750346.21
1493750346.37
1493750346.39
1493750346.56
1493750346.72
1493750346.79
1493750346.92
1493750347.07
1493750347.22
1493750347.29
1493750347.4
1493750347.54
1493750347.67
1493750347.71
1493750347.82
1493750347.91
1493750347.99
1493750348.08
1493750348.15
1493750348.29
