1490814303.91
1490814303.98
1490814304.11
1490814304.18
1490814304.24
1490814304.52
1490814304.71
1490814304.8
1490814304.87
1490814305.01
1490814305.08
1490814305.47
1490814305.54
1490814305.62
1490814305.75
1490814305.84
1490814305.98
1490814306.11
1490814306.24
1490814306.27
1490814306.45
1490814306.63
1490814306.76
1490814306.85
1490814307.15
1490814307.22
1490814307.33
1490814307.45
1490814307.76
1490814307.88
1490814307.97
1490814308.04
1490814308.28
1490814308.41
1490814308.48
1490814308.61
1490814308.68
1490814308.76
1490814308.82
1490814309.04
1490814309.1
1490814309.23
1490814309.35
1490814309.44
1490814309.49
1490814309.58
1490814309.7
1490814309.84
1490814309.99
1490814310.2
1490814310.4
1490814310.47
1490814310.55
1490814310.6
1490814310.72
1490814310.79
1490814310.91
1490814311.04
1490814311.24
1490814311.3
1490814311.44
1490814311.57
1490814311.63
1490814311.77
1490814311.9
1490814312.04
1490814312.17
1490814312.31
1490814312.39
1490814312.51
1490814312.58
1490814312.78
1490814312.86
1490814312.97
1490814313.04
1490814313.12
1490814313.19
1490814313.26
1490814313.35
1490814313.41
1490814313.55
1490814313.68
1490814313.81
1490814313.93
1490814314.12
1490814314.15
1490814314.34
1490814314.46
1490814314.6
1490814314.74
1490814314.83
1490814315.02
1490814315.15
1490814315.31
1490814315.51
1490814315.65
1490814315.82
1490814315.97
1490814316.11
1490814316.22
1490814316.35
1490814316.44
1490814316.57
1490814316.64
1490814316.76
1490814316.84
1490814316.94
1490814317.01
1490814317.09
1490814317.2
1490814317.26
1490814317.34
1490814317.39
1490814317.47
1490814317.59
1490814317.67
1490814317.89
1490814317.95
1490814318.14
1490814318.26
1490814318.4
1490814318.5
1490814318.58
1490814318.64
1490814318.71
1490814318.8
1490814318.88
1490814318.97
1490814319.08
1490814319.14
1490814319.27
1490814319.35
1490814319.48
1490814319.67
1490814319.8
1490814319.88
1490814319.94
1490814320.05
1490814320.11
1490814320.24
1490814320.47
1490814320.59
1490814320.64
1490814320.71
1490814320.85
1490814321.02
1490814321.1
1490814321.2
1490814321.37
1490814321.47
1490814321.52
1490814321.67
1490814321.76
1490814321.91
1490814322.04
1490814322.17
1490814322.22
1490814322.3
1490814322.51
1490814322.55
1490814322.74
1490814322.98
1490814323.06
1490814323.18
1490814323.25
1490814323.4
1490814323.45
1490814323.55
1490814323.65
1490814323.75
1490814323.83
1490814323.91
1490814324.03
1490814324.16
1490814324.35
1490814324.47
1490814324.52
1490814324.58
1490814324.71
1490814324.82
1490814325.03
1490814325.22
1490814325.27
1490814325.34
1490814325.49
1490814325.59
1490814325.68
1490814325.73
1490814325.81
1490814325.96
1490814326.07
1490814326.19
1490814326.29
1490814326.38
1490814326.49
1490814326.59
1490814326.66
1490814326.76
1490814327.01
1490814327.26
1490814327.34
1490814327.41
1490814327.5
1490814327.58
1490814327.71
1490814327.78
1490814327.85
1490814327.91
1490814328.2
1490814328.28
1490814328.44
1490814328.47
1490814328.57
1490814328.64
1490814328.8
1490814328.95
1490814329.12
1490814329.29
1490814329.37
1490814329.49
1490814329.62
1490814329.72
1490814329.77
1490814329.84
1490814330.05
1490814330.18
1490814330.26
1490814330.36
1490814330.48
1490814330.56
1490814330.61
1490814330.75
1490814330.83
1490814331.01
1490814331.18
1490814331.31
1490814331.44
1490814331.67
1490814331.77
1490814331.84
1490814331.9
1490814331.96
1490814332.07
1490814332.22
1490814332.29
1490814332.53
1490814332.63
1490814332.71
1490814332.77
1490814332.84
1490814332.9
1490814332.96
1490814333.08
1490814333.13
1490814333.31
1490814333.5
1490814333.6
1490814333.65
1490814333.76
1490814333.88
1490814333.93
1490814334.03
1490814334.22
1490814334.28
1490814334.39
1490814334.47
1490814334.62
1490814334.71
1490814334.93
1490814335.05
1490814335.11
1490814335.21
1490814335.4
1490814335.49
1490814335.58
1490814335.78
1490814335.84
1490814335.91
1490814336.02
1490814336.09
1490814336.29
1490814336.42
1490814336.49
1490814336.67
1490814336.76
1490814336.84
1490814336.93
1490814337.14
1490814337.18
1490814337.37
1490814337.43
1490814337.49
1490814337.66
1490814337.75
1490814337.93
1490814337.99
1490814338.26
1490814338.35
1490814338.4
1490814338.49
1490814338.57
1490814338.63
1490814338.74
1490814338.88
1490814339.0
1490814339.07
1490814339.27
1490814339.34
1490814339.42
1490814339.51
1490814339.58
1490814339.74
1490814339.84
1490814339.89
1490814340.11
1490814340.17
1490814340.31
1490814340.38
1490814340.45
1490814340.51
1490814340.66
1490814340.82
1490814340.93
1490814341.09
1490814341.27
1490814341.34
1490814341.43
1490814341.49
1490814341.65
1490814341.77
1490814341.96
1490814342.03
1490814342.1
1490814342.17
1490814342.27
1490814342.35
1490814342.47
1490814342.61
1490814342.63
1490814342.8
1490814342.84
1490814342.97
1490814343.13
1490814343.27
1490814343.37
1490814343.52
1490814343.64
1490814343.77
1490814343.83
1490814343.97
1490814344.08
1490814344.15
1490814344.28
1490814344.37
1490814344.51
1490814344.65
1490814344.71
1490814344.79
1490814344.91
1490814345.05
1490814345.24
1490814345.3
1490814345.38
1490814345.52
1490814345.64
1490814345.76
1490814345.78
1490814345.98
1490814346.12
1490814346.17
1490814346.31
1490814346.51
1490814346.61
1490814346.7
1490814346.78
1490814346.86
1490814346.94
1490814347.13
1490814347.27
1490814347.43
1490814347.59
1490814347.71
1490814347.78
1490814347.86
1490814348.04
1490814348.13
1490814348.21
1490814348.28
1490814348.41
1490814348.47
1490814348.68
1490814348.82
1490814348.88
1490814349.01
1490814349.08
1490814349.27
1490814349.35
1490814349.41
1490814349.51
1490814349.69
1490814349.79
1490814349.98
1490814350.04
1490814350.12
1490814350.24
1490814350.38
1490814350.51
1490814350.7
1490814350.81
1490814350.96
1490814351.08
1490814351.21
1490814351.3
1490814351.36
1490814351.56
1490814351.65
1490814351.72
1490814351.84
1490814351.96
1490814352.01
1490814352.2
1490814352.32
1490814352.46
1490814352.6
1490814352.71
1490814352.88
1490814352.98
1490814353.15
1490814353.27
1490814353.35
1490814353.52
1490814353.6
1490814353.86
1490814354.02
1490814354.09
1490814354.19
1490814354.25
1490814354.31
1490814354.46
1490814354.55
1490814354.62
1490814354.73
1490814355.08
1490814355.11
1490814355.26
1490814355.43
1490814355.55
1490814355.59
1490814355.69
1490814355.79
1490814355.93
1490814355.99
1490814356.09
1490814356.2
1490814356.29
1490814356.36
1490814356.5
1490814356.53
1490814356.65
1490814356.75
1490814356.79
1490814356.87
1490814356.99
1490814357.05
1490814357.13
1490814357.24
1490814357.31
1490814357.38
1490814357.45
1490814357.58
1490814357.7
1490814357.88
1490814357.94
1490814358.02
1490814358.09
1490814358.17
1490814358.25
1490814358.31
1490814358.48
1490814358.58
1490814358.64
1490814358.84
1490814359.01
1490814359.12
1490814359.25
1490814359.38
1490814359.48
1490814359.63
1490814359.79
1490814359.95
1490814360.08
1490814360.18
1490814360.31
1490814360.35
1490814360.51
1490814360.61
1490814360.75
1490814360.85
1490814360.95
1490814361.15
1490814361.32
1490814361.41
1490814361.54
1490814361.67
1490814361.71
1490814361.89
1490814362.02
1490814362.09
1490814362.14
1490814362.28
1490814362.37
1490814362.51
1490814362.58
1490814362.69
1490814362.74
1490814362.82
1490814362.92
1490814363.15
1490814363.28
1490814363.42
1490814363.54
1490814363.59
1490814363.73
1490814363.79
1490814363.94
1490814364.05
1490814364.18
1490814364.22
1490814364.42
1490814364.6
1490814364.74
1490814364.81
1490814364.89
1490814365.09
1490814365.15
1490814365.35
1490814365.43
1490814365.52
1490814365.58
1490814365.7
1490814365.82
1490814365.93
1490814366.03
1490814366.14
1490814366.2
1490814366.35
1490814366.42
1490814366.58
1490814366.71
1490814366.89
1490814367.02
1490814367.1
1490814367.22
1490814367.33
1490814367.39
1490814367.54
1490814367.7
1490814367.81
1490814367.98
1490814368.03
1490814368.09
1490814368.21
1490814368.27
1490814368.43
1490814368.57
1490814368.66
1490814368.79
1490814368.92
1490814369.02
1490814369.14
1490814369.24
1490814369.3
1490814369.48
1490814369.55
1490814369.68
1490814369.81
1490814369.87
1490814369.95
1490814370.08
1490814370.22
1490814370.35
1490814370.48
1490814370.54
1490814370.61
1490814370.68
1490814370.78
1490814370.84
1490814371.0
1490814371.13
1490814371.21
1490814371.38
1490814371.51
1490814371.63
1490814371.74
1490814371.84
1490814371.88
1490814372.05
1490814372.23
1490814372.3
1490814372.36
1490814372.58
1490814372.72
1490814372.78
1490814372.85
1490814372.96
1490814373.08
1490814373.2
1490814373.33
1490814373.46
1490814373.7
1490814373.75
1490814373.96
1490814374.07
1490814374.13
1490814374.3
1490814374.52
1490814374.73
1490814374.78
1490814374.91
1490814375.05
1490814375.32
1490814375.45
1490814375.58
1490814375.65
1490814375.71
1490814375.85
1490814375.91
1490814375.98
1490814376.07
1490814376.29
1490814376.33
1490814376.55
1490814376.67
1490814376.71
1490814376.86
1490814376.95
1490814376.99
1490814377.12
1490814377.22
1490814377.41
1490814377.52
1490814377.58
1490814377.68
1490814377.78
1490814377.85
1490814377.98
1490814378.05
1490814378.19
1490814378.25
1490814378.32
1490814378.43
1490814378.52
1490814378.6
1490814378.66
1490814378.76
1490814378.89
1490814379.04
1490814379.2
1490814379.33
1490814379.47
1490814379.62
1490814379.67
1490814379.8
1490814379.94
1490814380.04
1490814380.13
1490814380.19
1490814380.38
1490814380.45
1490814380.55
1490814380.63
1490814380.75
1490814380.96
1490814381.08
1490814381.14
1490814381.29
1490814381.35
1490814381.51
1490814381.69
1490814381.75
1490814381.85
1490814381.91
1490814382.07
1490814382.1
1490814382.23
1490814382.3
1490814382.36
1490814382.41
1490814382.69
1490814382.75
1490814382.94
1490814383.06
1490814383.25
1490814383.36
1490814383.43
1490814383.53
1490814383.6
1490814383.72
1490814383.86
1490814384.0
1490814384.08
1490814384.3
1490814384.46
1490814384.6
1490814384.74
1490814384.86
1490814384.92
1490814384.99
1490814385.06
1490814385.17
1490814385.29
1490814385.44
1490814385.53
1490814385.68
1490814385.73
1490814385.84
1490814385.96
1490814386.06
1490814386.12
1490814386.23
1490814386.32
1490814386.38
1490814386.62
1490814386.75
1490814386.87
1490814387.01
1490814387.09
1490814387.13
1490814387.21
1490814387.38
1490814387.49
1490814387.56
1490814387.68
1490814387.91
1490814387.97
1490814388.07
1490814388.13
1490814388.26
1490814388.32
1490814388.46
1490814388.61
1490814388.71
1490814388.82
1490814388.92
1490814388.99
1490814389.18
1490814389.28
1490814389.31
1490814389.45
1490814389.62
1490814389.76
1490814389.89
1490814390.08
1490814390.2
1490814390.24
1490814390.38
1490814390.43
1490814390.53
1490814390.56
1490814390.71
1490814390.84
1490814390.9
1490814391.04
1490814391.24
1490814391.36
1490814391.47
1490814391.57
1490814391.64
1490814391.81
1490814391.91
1490814392.14
1490814392.23
1490814392.39
1490814392.51
1490814392.59
1490814392.65
1490814392.72
1490814392.86
1490814392.98
1490814393.18
1490814393.25
1490814393.31
1490814393.39
1490814393.49
1490814393.61
1490814393.68
1490814393.76
1490814393.88
1490814394.02
1490814394.05
1490814394.25
1490814394.31
1490814394.51
1490814394.57
1490814394.74
1490814394.79
1490814394.95
1490814394.97
1490814395.18
1490814395.25
1490814395.36
1490814395.45
1490814395.57
1490814395.68
1490814395.8
1490814395.86
1490814396.01
1490814396.12
1490814396.23
1490814396.43
1490814396.49
1490814396.55
1490814396.77
1490814397.0
1490814397.13
1490814397.19
1490814397.35
1490814397.44
1490814397.57
1490814397.7
1490814397.81
1490814397.89
1490814398.02
1490814398.08
1490814398.26
1490814398.3
1490814398.49
1490814398.6
1490814398.7
1490814398.83
1490814398.88
1490814399.23
1490814399.34
1490814399.52
1490814399.59
1490814399.65
1490814399.8
1490814399.87
1490814399.96
1490814400.06
1490814400.17
1490814400.33
1490814400.46
1490814400.61
1490814400.74
1490814400.87
1490814400.93
1490814401.13
1490814401.2
1490814401.35
1490814401.48
1490814401.6
1490814401.73
1490814401.86
1490814402.07
1490814402.16
1490814402.3
1490814402.42
1490814402.59
1490814402.65
1490814402.85
1490814402.97
1490814403.05
1490814403.23
1490814403.39
1490814403.47
1490814403.55
1490814403.62
1490814403.71
1490814403.98
1490814404.09
1490814404.21
1490814404.26
1490814404.32
1490814404.56
1490814404.68
1490814404.76
1490814404.86
1490814404.97
1490814405.05
1490814405.18
1490814405.29
1490814405.35
1490814405.42
1490814405.53
1490814405.62
1490814405.72
1490814405.81
1490814405.88
1490814405.95
1490814406.04
1490814406.15
1490814406.22
1490814406.3
1490814406.45
1490814406.59
1490814406.72
1490814406.79
1490814406.91
1490814406.98
1490814407.05
1490814407.18
1490814407.32
1490814407.49
1490814407.59
1490814407.64
1490814407.81
1490814407.91
1490814408.03
1490814408.05
1490814408.2
1490814408.33
1490814408.41
1490814408.48
1490814408.71
1490814408.83
1490814408.9
1490814409.0
1490814409.16
1490814409.24
1490814409.38
1490814409.49
1490814409.69
1490814409.82
1490814409.95
1490814410.02
1490814410.08
1490814410.22
1490814410.33
1490814410.44
1490814410.57
1490814410.68
1490814410.79
1490814410.86
1490814410.98
1490814411.07
1490814411.24
1490814411.36
1490814411.43
1490814411.56
1490814411.65
1490814411.79
1490814411.84
