1493749371.62
1493749371.68
1493749371.74
1493749371.82
1493749371.88
1493749371.98
1493749372.05
1493749372.21
1493749372.32
1493749372.51
1493749372.69
1493749372.93
1493749373.0
1493749373.17
1493749373.3
1493749373.43
1493749373.61
1493749373.83
1493749373.89
1493749374.1
1493749374.18
1493749374.36
1493749374.46
1493749374.56
1493749374.63
1493749374.76
1493749374.83
1493749374.91
1493749375.0
1493749375.12
1493749375.19
1493749375.3
1493749375.39
1493749375.49
1493749375.6
1493749375.68
1493749375.83
1493749375.91
1493749376.12
1493749376.21
1493749376.26
1493749376.5
1493749376.59
1493749376.63
1493749376.71
1493749376.92
1493749376.98
1493749377.07
1493749377.14
1493749377.26
1493749377.34
1493749377.4
1493749377.58
1493749377.66
1493749377.89
1493749377.99
1493749378.07
1493749378.19
1493749378.32
1493749378.41
1493749378.58
1493749378.65
1493749378.77
1493749378.93
1493749379.03
1493749379.14
1493749379.33
1493749379.4
1493749379.54
1493749379.75
1493749379.8
1493749379.93
1493749380.02
1493749380.2
1493749380.29
1493749380.38
1493749380.53
1493749380.61
1493749380.83
1493749380.95
1493749381.06
1493749381.1
1493749381.23
1493749381.27
1493749381.42
1493749381.48
1493749381.6
1493749381.79
1493749381.89
1493749382.01
1493749382.07
1493749382.19
1493749382.4
1493749382.47
1493749382.56
1493749382.7
1493749382.77
1493749382.86
1493749383.04
1493749383.16
1493749383.25
1493749383.32
1493749383.75
1493749383.84
1493749383.92
1493749383.98
1493749384.1
1493749384.27
1493749384.33
1493749384.49
1493749384.56
1493749384.72
1493749384.83
1493749385.09
1493749385.15
1493749385.26
1493749385.31
1493749385.47
1493749385.63
1493749385.77
1493749385.9
1493749385.97
1493749386.07
1493749386.12
1493749386.31
1493749386.39
1493749386.53
1493749386.76
1493749386.88
1493749386.98
1493749387.2
1493749387.27
1493749387.33
1493749387.43
1493749387.55
1493749387.7
1493749387.76
1493749387.82
1493749387.9
1493749388.01
1493749388.2
1493749388.33
1493749388.39
1493749388.49
1493749388.54
1493749388.64
1493749388.76
1493749388.8
1493749388.92
1493749389.06
1493749389.14
1493749389.18
1493749389.32
1493749389.46
1493749389.54
1493749389.6
1493749389.7
1493749389.74
1493749390.03
1493749390.16
1493749390.23
1493749390.36
1493749390.47
1493749390.62
1493749390.66
1493749390.82
1493749390.93
1493749390.99
1493749391.25
1493749391.35
1493749391.49
1493749391.66
1493749391.72
1493749391.87
1493749391.98
1493749392.04
1493749392.16
1493749392.3
1493749392.38
1493749392.47
1493749392.56
1493749392.7
1493749392.79
1493749392.87
1493749392.96
1493749393.06
1493749393.19
1493749393.24
1493749393.43
1493749393.59
1493749393.65
1493749393.8
1493749393.98
1493749394.01
1493749394.13
1493749394.26
1493749394.32
1493749394.39
1493749394.44
1493749394.53
1493749394.66
1493749394.7
1493749394.89
1493749395.01
1493749395.1
1493749395.18
1493749395.25
1493749395.36
1493749395.48
1493749395.54
1493749395.7
1493749395.76
1493749395.85
1493749396.0
1493749396.13
1493749396.27
1493749396.34
1493749396.48
1493749396.6
1493749396.7
1493749396.82
1493749396.89
1493749397.0
1493749397.14
1493749397.19
1493749397.28
1493749397.38
1493749397.46
1493749397.56
1493749397.63
1493749397.76
1493749397.83
1493749397.97
1493749398.07
1493749398.2
1493749398.32
1493749398.42
1493749398.5
1493749398.63
1493749398.73
1493749398.8
1493749398.88
1493749399.05
1493749399.17
1493749399.26
1493749399.41
1493749399.47
1493749399.59
1493749399.66
1493749399.76
1493749399.83
1493749399.94
1493749400.0
1493749400.07
1493749400.17
1493749400.23
1493749400.42
1493749400.52
1493749400.59
1493749400.63
1493749400.75
1493749400.8
1493749400.93
1493749401.03
1493749401.11
1493749401.21
1493749401.27
1493749401.4
1493749401.47
1493749401.53
1493749401.65
1493749401.76
1493749401.9
1493749402.03
1493749402.16
1493749402.27
1493749402.41
1493749402.5
1493749402.66
1493749402.72
1493749402.89
1493749403.01
1493749403.14
1493749403.22
1493749403.31
1493749403.39
1493749403.49
1493749403.52
1493749403.69
1493749403.74
1493749403.81
1493749403.94
1493749404.0
1493749404.13
1493749404.19
1493749404.34
1493749404.48
1493749404.58
1493749404.67
1493749404.73
1493749404.86
1493749404.93
1493749405.09
1493749405.12
1493749405.23
1493749405.41
1493749405.6
1493749405.67
1493749405.74
1493749405.81
1493749405.87
1493749405.98
1493749406.02
1493749406.14
1493749406.32
1493749406.35
1493749406.48
1493749406.54
1493749406.63
1493749406.76
1493749406.83
1493749406.93
1493749407.05
1493749407.17
1493749407.29
1493749407.42
1493749407.48
1493749407.66
1493749407.7
1493749407.85
1493749407.9
1493749407.97
1493749408.09
1493749408.18
1493749408.24
1493749408.36
1493749408.5
1493749408.56
1493749408.63
1493749408.78
1493749408.87
1493749408.99
1493749409.13
1493749409.17
1493749409.33
1493749409.44
1493749409.6
1493749409.68
1493749409.93
1493749410.07
1493749410.21
1493749410.3
1493749410.5
1493749410.63
1493749410.76
1493749410.89
1493749410.99
1493749411.17
1493749411.3
1493749411.4
1493749411.49
1493749411.56
1493749411.67
1493749411.73
1493749411.86
1493749411.93
1493749412.21
1493749412.35
1493749412.43
1493749412.57
1493749412.67
1493749412.74
1493749412.9
1493749412.99
1493749413.1
1493749413.16
1493749413.24
1493749413.31
1493749413.42
1493749413.56
1493749413.64
1493749413.8
1493749413.84
1493749413.94
1493749414.02
1493749414.07
1493749414.27
1493749414.43
1493749414.51
1493749414.73
1493749414.83
1493749415.02
1493749415.11
1493749415.17
1493749416.02
1493749416.17
1493749416.25
1493749416.47
1493749416.67
1493749416.84
1493749417.04
1493749417.11
1493749417.19
1493749417.37
1493749417.51
1493749417.55
1493749417.72
1493749417.79
1493749417.89
1493749418.04
1493749418.14
1493749418.24
1493749418.43
1493749418.57
1493749418.68
1493749418.75
1493749418.86
1493749419.04
1493749419.13
1493749419.19
1493749419.25
1493749419.42
1493749419.5
1493749419.57
1493749419.82
1493749420.05
1493749420.12
1493749420.22
1493749420.37
1493749420.51
1493749420.54
1493749420.7
1493749420.83
1493749420.87
1493749421.01
1493749421.05
1493749421.19
1493749421.33
1493749421.51
1493749421.57
1493749421.77
1493749421.86
1493749421.94
1493749422.03
1493749422.09
1493749422.21
1493749422.45
1493749422.57
1493749422.62
1493749422.73
1493749422.82
1493749423.02
1493749423.08
1493749423.23
1493749423.32
1493749423.36
1493749423.47
1493749423.66
1493749423.86
1493749423.96
1493749424.03
1493749424.12
1493749424.2
1493749424.37
1493749424.47
1493749424.65
1493749424.72
1493749424.79
1493749424.93
1493749424.99
1493749425.21
1493749425.36
1493749425.46
1493749425.53
1493749425.76
1493749425.9
1493749426.01
1493749426.11
1493749426.26
1493749426.39
1493749426.54
1493749426.65
1493749426.72
1493749426.86
1493749426.95
1493749427.08
1493749427.16
1493749427.32
1493749427.42
1493749427.49
1493749427.61
1493749427.75
1493749427.89
1493749427.96
1493749428.04
1493749428.22
1493749428.4
1493749428.51
1493749428.57
1493749428.68
1493749428.74
1493749429.0
1493749429.15
1493749429.27
1493749429.35
1493749429.4
1493749429.49
1493749429.54
1493749429.79
1493749429.86
1493749430.0
1493749430.1
1493749430.23
1493749430.35
1493749430.46
1493749430.59
1493749430.85
1493749430.92
1493749430.95
1493749431.1
1493749431.2
1493749431.27
1493749431.43
1493749431.55
1493749431.71
1493749431.79
1493749431.97
1493749432.0
1493749432.14
1493749432.26
1493749432.34
1493749432.52
1493749432.58
1493749432.73
1493749432.83
1493749432.9
1493749433.1
1493749433.16
1493749433.26
1493749433.34
1493749433.46
1493749433.51
1493749433.62
1493749433.68
1493749433.79
1493749433.92
1493749433.98
1493749434.06
1493749434.16
1493749434.27
1493749434.33
1493749434.48
1493749434.59
1493749434.67
1493749434.8
1493749434.89
1493749434.96
1493749435.04
1493749435.23
1493749435.3
1493749435.38
1493749435.47
1493749435.56
1493749435.63
1493749435.8
1493749435.89
1493749435.98
1493749436.07
1493749436.15
1493749436.31
1493749436.4
1493749436.5
1493749436.59
1493749436.66
1493749436.77
1493749436.86
1493749437.0
1493749437.15
1493749437.26
1493749437.38
1493749437.5
1493749437.61
1493749437.67
1493749437.73
1493749437.88
1493749437.96
1493749438.03
1493749438.1
1493749438.2
1493749438.27
1493749438.47
1493749438.57
1493749438.67
1493749438.77
1493749438.9
1493749439.01
1493749439.08
1493749439.2
1493749439.27
1493749439.34
1493749439.44
1493749439.5
1493749439.6
1493749439.79
1493749439.92
1493749439.99
1493749440.09
1493749440.35
1493749440.4
1493749440.59
1493749440.73
1493749440.78
1493749440.84
1493749441.0
1493749441.08
1493749441.27
1493749441.46
1493749441.56
1493749441.66
1493749441.78
