1493751534.22
1493751534.27
1493751534.35
1493751534.4
1493751534.52
1493751534.61
1493751534.7
1493751534.79
1493751534.94
1493751535.0
1493751535.2
1493751535.27
1493751535.34
1493751535.49
1493751535.6
1493751535.71
1493751535.83
1493751536.08
1493751536.17
1493751536.45
1493751536.54
1493751536.61
1493751536.77
1493751536.86
1493751537.14
1493751537.22
1493751537.41
1493751537.5
1493751537.55
1493751537.72
1493751537.8
1493751537.86
1493751537.98
1493751538.17
1493751538.25
1493751538.35
1493751538.41
1493751538.54
1493751538.6
1493751538.71
1493751538.87
1493751538.94
1493751539.04
1493751539.08
1493751539.21
1493751539.35
1493751539.47
1493751539.52
1493751539.64
1493751539.7
1493751539.84
1493751539.95
1493751540.08
1493751540.17
1493751540.28
1493751540.33
1493751540.48
1493751540.54
1493751540.62
1493751540.77
1493751540.87
1493751540.94
1493751541.02
1493751541.28
1493751541.34
1493751541.39
1493751541.46
1493751541.56
1493751541.65
1493751541.78
1493751541.9
1493751541.97
1493751542.08
1493751542.45
1493751542.52
1493751542.56
1493751542.83
1493751543.0
1493751543.15
1493751543.33
1493751543.41
1493751543.46
1493751543.57
1493751543.68
1493751543.76
1493751543.81
1493751543.95
1493751544.02
1493751544.1
1493751544.17
1493751544.28
1493751544.46
1493751544.59
1493751544.83
1493751544.92
1493751544.97
1493751545.11
1493751545.2
1493751545.27
1493751545.33
1493751545.53
1493751545.58
1493751545.7
1493751545.82
1493751545.88
1493751545.95
1493751546.1
1493751546.28
1493751546.36
1493751546.44
1493751546.57
1493751546.65
1493751546.79
1493751546.86
1493751546.98
1493751547.12
1493751547.17
1493751547.31
1493751547.41
1493751547.49
1493751547.65
1493751547.76
1493751548.02
1493751548.14
1493751548.26
1493751548.41
1493751548.55
1493751548.61
1493751548.7
1493751548.8
1493751548.87
1493751548.94
1493751549.05
1493751549.13
1493751549.25
1493751549.34
1493751549.64
1493751549.7
1493751549.77
1493751549.87
1493751549.95
1493751550.05
1493751550.11
1493751550.23
1493751550.32
1493751550.37
1493751550.54
1493751550.74
1493751550.83
1493751551.01
1493751551.08
1493751551.21
1493751551.32
1493751551.46
1493751551.52
1493751551.59
1493751551.7
1493751551.77
1493751551.84
1493751551.94
1493751552.03
1493751552.09
1493751552.17
1493751552.31
1493751552.67
1493751552.71
1493751552.79
1493751552.95
1493751553.03
1493751553.16
1493751553.32
1493751553.34
1493751553.48
1493751553.56
1493751553.63
1493751553.72
1493751553.98
1493751554.04
1493751554.13
1493751554.2
1493751554.27
1493751554.37
1493751554.44
1493751554.51
1493751554.64
1493751554.77
1493751554.91
1493751555.05
1493751555.17
1493751555.27
1493751555.4
1493751555.54
1493751555.68
1493751555.77
1493751555.87
1493751555.94
1493751556.1
1493751556.23
1493751556.3
1493751556.4
1493751556.48
1493751556.55
1493751556.67
1493751556.77
1493751556.83
1493751556.87
1493751557.0
1493751557.07
1493751557.17
1493751557.24
1493751557.51
1493751557.64
1493751557.8
1493751557.91
1493751558.01
1493751558.11
1493751558.18
1493751558.24
1493751558.28
1493751558.62
1493751558.68
1493751558.8
1493751558.94
1493751559.04
1493751559.11
1493751559.17
1493751559.32
1493751559.43
1493751559.51
1493751559.61
1493751559.77
1493751559.9
1493751560.02
1493751560.15
1493751560.21
1493751560.37
1493751560.43
1493751560.54
1493751560.61
1493751560.7
1493751560.89
1493751560.99
1493751561.09
1493751561.19
1493751561.28
1493751561.38
1493751561.44
1493751561.58
1493751561.67
1493751561.8
1493751561.93
1493751561.98
1493751562.08
1493751562.17
1493751562.32
1493751562.41
1493751562.48
1493751562.59
1493751562.71
1493751562.78
1493751562.87
1493751562.99
1493751563.14
1493751563.19
1493751563.28
1493751563.43
1493751563.54
1493751563.6
1493751563.74
1493751563.91
1493751564.06
1493751564.15
1493751564.25
1493751564.32
1493751564.42
1493751564.55
1493751564.64
1493751564.73
1493751564.8
1493751564.89
1493751565.04
1493751565.1
1493751565.23
1493751565.3
1493751565.38
1493751565.46
1493751565.64
1493751565.74
1493751565.8
1493751565.89
1493751566.07
1493751566.18
1493751566.32
1493751566.44
1493751566.56
1493751566.6
1493751566.74
1493751566.83
1493751566.91
1493751566.99
1493751567.17
1493751567.28
1493751567.36
1493751567.4
1493751567.6
1493751567.67
1493751567.83
1493751567.86
1493751567.98
1493751568.06
1493751568.19
1493751568.31
1493751568.37
1493751568.47
1493751568.54
1493751568.64
1493751568.74
1493751568.87
1493751568.94
1493751569.01
1493751569.12
1493751569.29
1493751569.37
1493751569.45
1493751569.54
1493751569.67
1493751569.77
1493751569.84
1493751569.97
1493751570.05
1493751570.18
1493751570.27
1493751570.33
1493751570.45
1493751570.54
1493751570.6
1493751570.75
1493751570.84
1493751570.89
1493751571.06
1493751571.13
1493751571.28
1493751571.43
1493751571.46
1493751571.58
1493751571.71
1493751571.8
1493751571.87
1493751571.98
1493751572.04
1493751572.18
1493751572.27
1493751572.41
1493751572.48
1493751572.62
1493751572.71
1493751572.81
1493751572.9
1493751573.03
1493751573.09
1493751573.27
1493751573.41
1493751573.5
1493751573.62
1493751573.74
1493751573.81
1493751573.88
1493751574.04
1493751574.18
1493751574.27
1493751574.4
1493751574.5
1493751574.57
1493751574.63
1493751574.73
1493751574.81
1493751574.87
1493751574.98
1493751575.04
1493751575.15
1493751575.2
1493751575.31
1493751575.34
1493751575.57
1493751575.64
1493751575.81
1493751575.93
1493751575.99
1493751576.17
1493751576.25
1493751576.37
1493751576.47
1493751576.61
1493751576.66
1493751576.78
1493751576.83
1493751576.95
1493751577.12
1493751577.2
1493751577.26
1493751577.36
1493751577.48
1493751577.61
1493751577.85
1493751577.99
1493751578.09
1493751578.18
1493751578.32
1493751578.47
1493751578.56
1493751578.62
1493751578.74
1493751578.83
1493751578.98
1493751579.09
1493751579.15
1493751579.27
1493751579.33
1493751579.5
1493751579.61
1493751579.68
1493751579.78
1493751579.84
1493751580.0
1493751580.15
1493751580.24
1493751580.31
1493751580.46
1493751580.57
1493751580.65
1493751580.7
1493751580.82
1493751580.88
1493751580.98
1493751581.04
1493751581.14
1493751581.25
1493751581.5
1493751581.61
1493751581.74
1493751581.87
1493751582.0
1493751582.15
1493751582.23
1493751582.43
1493751582.58
1493751582.67
1493751582.8
1493751582.97
1493751583.03
1493751583.18
1493751583.34
1493751583.38
1493751583.54
1493751583.64
1493751583.7
1493751583.83
1493751583.93
1493751583.98
1493751584.2
1493751584.27
1493751584.37
1493751584.47
1493751584.71
1493751584.78
1493751584.9
1493751584.96
1493751585.04
1493751585.1
1493751585.26
1493751585.31
1493751585.45
1493751585.51
1493751585.67
1493751585.73
1493751585.81
1493751585.87
1493751585.98
1493751586.15
1493751586.31
1493751586.43
1493751586.63
1493751586.72
1493751586.77
1493751586.94
1493751587.03
1493751587.09
1493751587.16
1493751587.28
1493751587.4
1493751587.56
1493751587.71
1493751587.84
1493751587.91
1493751588.01
1493751588.13
1493751588.2
1493751588.32
1493751588.41
1493751588.51
