1493742350.92
1493742350.97
1493742351.05
1493742351.16
1493742351.28
1493742351.44
1493742351.47
1493742351.58
1493742351.81
1493742352.01
1493742352.11
1493742352.28
1493742352.34
1493742352.41
1493742352.52
1493742352.6
1493742352.69
1493742352.8
1493742353.03
1493742353.29
1493742353.36
1493742353.49
1493742353.61
1493742353.68
1493742353.76
1493742353.83
1493742353.96
1493742354.08
1493742354.18
1493742354.37
1493742354.44
1493742354.57
1493742354.76
1493742354.84
1493742354.94
1493742355.1
1493742355.18
1493742355.25
1493742355.54
1493742355.65
1493742355.73
1493742355.9
1493742356.01
1493742356.13
1493742356.28
1493742356.37
1493742356.46
1493742356.53
1493742356.71
1493742356.85
1493742356.96
1493742357.1
1493742357.26
1493742357.34
1493742357.56
1493742357.64
1493742357.73
1493742358.0
1493742358.31
1493742358.38
1493742358.53
1493742358.67
1493742358.9
1493742359.03
1493742359.19
1493742359.25
1493742359.38
1493742359.45
1493742359.54
1493742359.63
1493742359.89
1493742359.95
1493742360.16
1493742360.34
1493742360.41
1493742360.56
1493742360.65
1493742360.72
1493742360.83
1493742361.09
1493742361.27
1493742361.4
1493742361.69
1493742361.8
1493742361.94
1493742362.07
1493742362.26
1493742362.39
1493742362.47
1493742362.64
1493742362.72
1493742362.95
1493742363.03
1493742363.13
1493742363.19
1493742363.3
1493742363.42
1493742363.59
1493742363.87
1493742363.97
1493742364.33
1493742364.38
1493742364.51
1493742364.55
1493742364.64
1493742364.74
1493742364.8
1493742365.0
1493742365.13
1493742365.37
1493742365.6
1493742365.67
1493742365.84
1493742365.93
1493742366.04
1493742366.13
1493742366.19
1493742366.36
1493742366.5
1493742366.73
1493742366.8
1493742367.02
1493742367.19
1493742367.3
1493742367.58
1493742367.65
1493742367.79
1493742367.86
1493742368.04
1493742368.14
1493742368.22
1493742368.56
1493742368.63
1493742368.7
1493742368.78
1493742369.0
1493742369.15
1493742369.21
1493742369.34
1493742369.41
1493742369.67
1493742369.75
1493742369.84
1493742369.91
1493742370.05
1493742370.26
1493742370.59
1493742370.69
1493742370.77
1493742371.09
1493742371.2
1493742371.28
1493742371.42
1493742371.55
1493742371.59
1493742371.75
1493742371.9
1493742372.11
1493742372.16
1493742372.35
1493742372.58
1493742372.67
1493742372.79
1493742373.09
1493742373.17
1493742373.3
1493742373.37
1493742373.48
1493742373.53
1493742373.73
1493742373.96
1493742374.07
1493742374.13
1493742374.24
1493742374.4
1493742374.53
1493742374.59
1493742374.78
1493742375.07
1493742375.13
1493742375.21
1493742375.33
1493742375.41
1493742375.6
1493742375.74
1493742375.8
1493742375.93
1493742376.17
1493742376.23
1493742376.38
1493742376.42
1493742376.58
1493742376.77
1493742376.87
1493742376.94
1493742377.04
1493742377.36
1493742377.47
1493742377.57
1493742377.68
1493742377.77
1493742377.89
1493742377.95
1493742378.08
1493742378.17
1493742378.25
1493742378.29
1493742378.56
1493742378.62
1493742378.71
1493742378.83
1493742378.93
1493742379.0
1493742379.22
1493742379.38
1493742379.49
1493742379.65
1493742379.79
1493742379.86
1493742379.92
1493742380.03
1493742380.16
1493742380.29
1493742380.44
1493742380.54
1493742380.65
1493742380.77
1493742380.83
1493742380.96
1493742381.02
1493742381.14
1493742381.19
1493742381.3
1493742381.41
1493742381.47
1493742381.59
1493742381.67
1493742381.79
1493742381.84
1493742381.97
1493742382.04
1493742382.14
1493742382.27
1493742382.48
1493742382.54
1493742382.63
1493742382.77
1493742382.84
1493742382.9
1493742383.02
1493742383.13
1493742383.22
1493742383.28
1493742383.47
1493742383.55
1493742383.64
1493742383.77
1493742383.86
1493742383.92
1493742384.07
1493742384.19
1493742384.27
1493742384.34
1493742384.41
1493742384.5
1493742384.64
1493742384.77
1493742384.89
1493742385.0
1493742385.13
1493742385.19
1493742385.38
1493742385.45
1493742385.57
1493742385.63
1493742385.71
1493742385.82
1493742385.93
1493742386.0
1493742386.15
1493742386.27
1493742386.37
1493742386.48
1493742386.65
1493742386.73
1493742386.87
1493742387.0
1493742387.11
1493742387.24
1493742387.3
1493742387.41
1493742387.53
1493742387.56
1493742387.69
1493742387.8
1493742387.93
1493742388.02
1493742388.1
1493742388.23
1493742388.28
1493742388.44
1493742388.59
1493742388.7
1493742388.8
1493742388.88
1493742389.0
1493742389.17
1493742389.27
1493742389.37
1493742389.44
1493742389.57
1493742389.64
1493742389.74
1493742389.89
1493742389.96
1493742390.08
1493742390.16
1493742390.27
1493742390.36
1493742390.44
1493742390.58
1493742390.77
1493742390.83
1493742390.96
1493742391.02
1493742391.16
1493742391.26
1493742391.33
1493742391.53
1493742391.64
1493742391.79
1493742391.91
1493742392.0
1493742392.06
1493742392.21
1493742392.29
1493742392.43
1493742392.57
1493742392.65
1493742392.73
1493742392.81
1493742392.87
1493742393.0
1493742393.06
1493742393.2
1493742393.26
1493742393.34
1493742393.43
1493742393.54
1493742393.64
1493742393.7
1493742393.76
1493742393.9
1493742393.99
1493742394.07
1493742394.13
1493742394.21
1493742394.33
1493742394.39
1493742394.5
1493742394.66
1493742394.79
1493742394.9
1493742394.96
1493742395.08
1493742395.19
1493742395.28
1493742395.34
1493742395.46
1493742395.53
1493742395.72
1493742395.84
1493742395.99
1493742396.08
1493742396.22
1493742396.28
1493742396.42
1493742396.47
1493742396.6
1493742396.69
1493742396.77
1493742396.83
1493742396.96
1493742397.06
1493742397.18
1493742397.36
1493742397.47
1493742397.63
1493742397.74
1493742397.87
1493742397.92
1493742398.03
1493742398.11
1493742398.22
1493742398.33
1493742398.4
1493742398.54
1493742398.6
1493742398.74
1493742398.81
1493742398.94
1493742399.03
1493742399.09
1493742399.23
1493742399.3
1493742399.4
1493742399.53
1493742399.65
1493742399.73
1493742399.78
1493742399.92
1493742400.05
1493742400.21
1493742400.23
1493742400.4
1493742400.49
1493742400.59
1493742400.72
1493742400.87
1493742401.01
1493742401.11
1493742401.23
1493742401.31
1493742401.37
1493742401.59
1493742401.7
1493742401.78
1493742401.94
1493742401.99
1493742402.16
1493742402.23
1493742402.39
1493742402.53
1493742402.62
1493742402.69
1493742402.86
1493742403.06
1493742403.16
1493742403.23
1493742403.37
1493742403.46
1493742403.53
1493742403.65
1493742403.74
1493742403.83
1493742403.97
1493742404.15
1493742404.2
1493742404.36
1493742404.43
1493742404.54
1493742404.62
1493742404.67
1493742404.85
1493742404.91
1493742405.09
1493742405.2
1493742405.34
1493742405.43
1493742405.54
1493742405.61
1493742405.76
1493742405.91
1493742406.0
1493742406.07
1493742406.13
1493742406.23
1493742406.32
1493742406.4
1493742406.56
1493742406.63
1493742406.77
1493742406.86
1493742406.95
1493742407.02
1493742407.16
1493742407.23
1493742407.34
1493742407.41
1493742407.54
1493742407.58
1493742407.73
1493742407.79
1493742407.91
1493742407.96
1493742408.1
1493742408.17
1493742408.28
1493742408.37
1493742408.5
1493742408.57
1493742408.67
1493742408.77
1493742408.89
1493742409.01
1493742409.1
1493742409.21
1493742409.3
1493742409.43
1493742409.52
1493742409.61
1493742409.69
1493742409.83
1493742409.94
1493742410.03
1493742410.09
1493742410.24
1493742410.32
1493742410.39
1493742410.49
1493742410.57
1493742410.67
1493742410.83
1493742410.96
1493742411.04
1493742411.17
1493742411.29
1493742411.38
1493742411.45
1493742411.67
1493742411.79
1493742411.89
1493742411.96
1493742412.08
1493742412.19
1493742412.27
1493742412.35
1493742412.55
1493742412.65
1493742412.76
1493742412.88
1493742413.03
1493742413.17
1493742413.27
1493742413.38
1493742413.44
1493742413.51
1493742413.66
1493742413.83
1493742413.95
1493742414.07
1493742414.19
1493742414.28
1493742414.38
1493742414.51
1493742414.55
1493742414.71
1493742414.91
1493742414.99
1493742415.1
1493742415.17
1493742415.26
1493742415.36
1493742415.47
1493742415.52
1493742415.67
1493742415.78
1493742415.91
1493742416.0
1493742416.13
1493742416.31
1493742416.44
1493742416.58
1493742416.62
1493742416.81
1493742416.94
1493742417.04
1493742417.1
1493742417.25
1493742417.32
1493742417.38
1493742417.57
1493742417.68
1493742417.76
1493742417.84
1493742417.94
1493742418.06
1493742418.18
1493742418.26
1493742418.36
1493742418.43
1493742418.58
1493742418.72
1493742418.79
1493742418.84
1493742418.94
1493742419.02
1493742419.12
1493742419.33
1493742419.42
1493742419.48
1493742419.57
1493742419.65
1493742419.79
1493742419.87
1493742419.97
1493742420.07
1493742420.12
1493742420.22
1493742420.31
1493742420.41
1493742420.6
1493742420.73
1493742420.83
1493742420.9
1493742421.04
1493742421.12
1493742421.36
1493742421.41
1493742421.55
1493742421.62
1493742421.77
1493742421.89
1493742421.99
1493742422.13
1493742422.17
1493742422.3
1493742422.37
1493742422.48
1493742422.58
1493742422.64
1493742422.78
1493742422.84
1493742422.94
1493742423.03
1493742423.09
1493742423.18
1493742423.27
1493742423.44
1493742423.55
1493742423.67
1493742423.77
1493742423.84
1493742423.92
1493742424.02
1493742424.15
1493742424.39
1493742424.5
1493742424.57
1493742424.67
1493742424.74
1493742424.85
1493742424.97
1493742425.03
1493742425.11
1493742425.33
1493742425.4
1493742425.55
1493742425.74
1493742425.76
1493742425.92
1493742425.98
1493742426.07
1493742426.18
1493742426.29
1493742426.38
1493742426.45
1493742426.64
1493742426.73
1493742426.81
1493742426.91
1493742427.04
1493742427.11
1493742427.19
1493742427.33
1493742427.46
1493742427.61
1493742427.67
1493742427.76
1493742427.89
1493742427.96
1493742428.04
1493742428.21
1493742428.38
1493742428.44
1493742428.58
1493742428.69
1493742428.81
1493742428.86
1493742429.0
1493742429.11
1493742429.22
1493742429.36
1493742429.43
1493742429.63
1493742429.7
1493742429.83
1493742429.99
1493742430.18
1493742430.26
1493742430.37
1493742430.5
1493742430.57
1493742430.67
