1492743148.64
1492743149.81
1492743149.93
1492743149.99
1492743150.06
1492743150.13
1492743150.19
1492743150.39
1492743150.46
1492743150.68
1492743150.76
1492743150.96
1492743151.02
1492743151.13
1492743151.18
1492743151.27
1492743151.34
1492743151.54
1492743151.65
1492743151.86
1492743151.93
1492743152.03
1492743152.15
1492743152.23
1492743152.37
1492743152.5
1492743152.65
1492743152.74
1492743152.84
1492743152.98
1492743153.02
1492743153.12
1492743153.31
1492743153.5
1492743153.63
1492743153.7
1492743153.78
1492743153.86
1492743153.99
1492743154.08
1492743154.15
1492743154.35
1492743154.5
1492743154.53
1492743154.67
1492743154.72
1492743154.8
1492743155.08
1492743155.14
1492743155.24
1492743155.34
1492743155.41
1492743155.5
1492743155.55
1492743155.69
1492743155.81
1492743155.96
1492743156.08
1492743156.19
1492743156.27
1492743156.47
1492743156.55
1492743156.64
1492743156.73
1492743156.92
1492743156.98
1492743157.08
1492743157.21
1492743157.34
1492743157.46
1492743157.52
1492743157.68
1492743157.73
1492743157.89
1492743157.92
1492743158.03
1492743158.12
1492743158.17
1492743158.24
1492743158.38
1492743158.49
1492743158.61
1492743158.7
1492743158.8
1492743158.85
1492743158.99
1492743159.26
1492743159.3
1492743159.42
1492743159.48
1492743159.61
1492743159.71
1492743159.76
1492743159.87
1492743160.13
1492743160.26
1492743160.4
1492743160.45
1492743160.52
1492743160.57
1492743160.63
1492743160.77
1492743160.89
1492743160.96
1492743161.08
1492743161.22
1492743161.34
1492743161.45
1492743161.67
1492743161.83
1492743161.89
1492743162.05
1492743162.09
1492743162.31
1492743162.42
1492743162.53
1492743162.66
1492743162.71
1492743162.87
1492743163.0
1492743163.08
1492743163.16
1492743163.31
1492743163.39
1492743163.63
1492743163.76
1492743163.82
1492743163.91
1492743164.03
1492743164.11
1492743164.17
1492743164.3
1492743164.37
1492743164.5
1492743164.6
1492743164.65
1492743164.8
1492743164.93
1492743164.97
1492743165.14
1492743165.21
1492743165.28
1492743165.36
1492743165.44
1492743165.5
1492743165.69
1492743165.93
1492743166.05
1492743166.18
1492743166.37
1492743166.44
1492743166.63
1492743166.7
1492743166.83
1492743166.9
1492743167.03
1492743167.1
1492743167.15
1492743167.2
1492743167.32
1492743167.46
1492743167.52
1492743167.59
1492743167.65
1492743167.79
1492743167.96
1492743168.02
1492743168.07
1492743168.24
1492743168.35
1492743168.46
1492743168.6
1492743168.73
1492743168.79
1492743169.01
1492743169.08
1492743169.22
1492743169.4
1492743169.43
1492743169.59
1492743169.79
1492743169.82
1492743169.92
1492743170.12
1492743170.22
1492743170.3
1492743170.39
1492743170.53
1492743170.66
1492743170.71
1492743170.83
1492743170.91
1492743171.02
1492743171.14
1492743171.21
1492743171.31
1492743171.44
1492743171.48
1492743171.6
1492743171.69
1492743171.75
1492743171.91
1492743171.96
1492743172.11
1492743172.16
1492743172.33
1492743172.37
1492743172.5
1492743172.61
1492743172.66
1492743172.76
1492743172.82
1492743172.9
1492743173.04
1492743173.11
1492743173.22
1492743173.26
1492743173.39
1492743173.47
1492743173.54
1492743173.67
1492743173.91
1492743174.06
1492743174.12
1492743174.2
1492743174.27
1492743174.38
1492743174.43
1492743174.55
1492743174.71
1492743174.79
1492743174.9
1492743175.0
1492743175.09
1492743175.26
1492743175.4
1492743175.51
1492743175.67
1492743175.75
1492743175.83
1492743175.88
1492743176.0
1492743176.13
1492743176.26
1492743176.37
1492743176.39
1492743176.54
1492743176.65
1492743176.8
1492743176.81
1492743176.94
1492743177.04
1492743177.24
1492743177.3
1492743177.47
1492743177.57
1492743177.73
1492743177.78
1492743177.95
1492743178.0
1492743178.07
1492743178.17
1492743178.33
1492743178.47
1492743178.59
1492743178.7
1492743178.75
1492743178.9
1492743179.09
1492743179.26
1492743179.35
1492743179.48
1492743179.58
1492743179.63
1492743179.73
1492743179.85
1492743179.94
1492743180.04
1492743180.12
1492743180.23
1492743180.31
1492743180.44
1492743180.77
1492743180.87
1492743181.06
1492743181.2
1492743181.35
1492743181.44
1492743181.6
1492743181.69
1492743181.78
1492743181.89
1492743182.04
1492743182.18
1492743182.31
1492743182.43
1492743182.57
1492743182.69
1492743182.84
1492743182.9
1492743183.04
1492743183.13
1492743183.22
1492743183.31
1492743183.44
1492743183.47
1492743183.6
1492743183.76
1492743183.85
1492743183.9
1492743184.07
1492743184.12
1492743184.23
1492743184.37
1492743184.45
1492743184.51
1492743184.58
1492743184.71
1492743184.8
1492743184.9
1492743185.03
1492743185.16
1492743185.23
1492743185.38
1492743185.4
1492743185.59
1492743185.65
1492743185.84
1492743185.93
1492743186.02
1492743186.16
1492743186.23
1492743186.38
1492743186.43
1492743186.62
1492743186.75
1492743186.8
1492743187.0
1492743187.13
1492743187.3
1492743187.38
1492743187.5
1492743187.64
1492743187.73
1492743187.85
1492743188.03
1492743188.1
1492743188.23
1492743188.29
1492743188.38
1492743188.51
1492743188.6
1492743188.66
1492743188.91
1492743188.95
1492743189.11
1492743189.18
1492743189.33
1492743189.44
1492743189.58
1492743189.66
1492743189.8
1492743189.88
1492743190.07
1492743190.13
1492743190.23
1492743190.35
1492743190.38
1492743190.52
1492743190.68
1492743190.73
1492743190.78
1492743191.22
1492743191.27
1492743191.37
1492743191.42
1492743191.54
1492743191.6
1492743191.73
1492743191.83
1492743191.95
1492743191.99
1492743192.12
1492743192.34
1492743192.4
1492743192.51
1492743192.56
1492743192.62
1492743192.83
1492743192.97
1492743193.08
1492743193.28
1492743193.33
1492743193.43
1492743193.52
1492743193.57
1492743193.7
1492743193.76
1492743193.8
1492743194.09
1492743194.27
1492743194.33
1492743194.41
1492743194.59
1492743194.72
1492743194.81
1492743194.87
1492743194.94
1492743195.03
1492743195.16
1492743195.21
1492743195.36
1492743195.41
1492743195.58
1492743195.71
1492743195.84
1492743195.96
1492743196.04
1492743196.22
1492743196.36
1492743196.43
1492743196.56
1492743196.62
1492743196.82
1492743196.95
1492743197.06
1492743197.2
1492743197.33
1492743197.39
1492743197.53
1492743197.58
1492743197.67
1492743197.76
1492743197.92
1492743197.97
1492743198.1
1492743198.18
1492743198.28
1492743198.34
1492743198.47
1492743198.57
1492743198.67
1492743198.87
1492743198.92
1492743199.0
1492743199.15
1492743199.25
1492743199.39
1492743199.54
1492743199.75
1492743199.82
1492743199.87
1492743200.03
1492743200.07
1492743200.22
1492743200.26
1492743200.34
1492743200.48
1492743200.54
1492743200.64
1492743200.87
1492743200.95
1492743201.04
1492743201.16
1492743201.19
1492743201.34
1492743201.47
1492743201.53
1492743201.67
1492743201.73
1492743201.89
1492743201.97
1492743202.17
1492743202.31
1492743202.39
1492743202.45
1492743202.62
1492743202.7
1492743202.81
1492743202.97
1492743203.22
1492743203.35
1492743203.49
1492743203.61
1492743203.74
1492743203.81
1492743203.91
1492743204.08
1492743204.17
1492743204.3
1492743204.43
1492743204.49
1492743204.57
1492743204.64
1492743204.71
1492743204.79
1492743204.85
1492743204.95
1492743205.02
1492743205.11
1492743205.24
1492743205.36
1492743205.61
1492743205.67
1492743205.72
1492743205.84
1492743205.98
1492743206.08
1492743206.16
1492743206.29
1492743206.43
1492743206.53
1492743206.64
1492743206.71
1492743206.77
1492743206.85
1492743206.94
1492743207.08
1492743207.24
1492743207.35
1492743207.41
1492743207.53
1492743207.63
1492743207.75
1492743207.87
1492743207.99
1492743208.16
1492743208.31
