1492738103.94
1492738104.02
1492738104.18
1492738104.25
1492738104.33
1492738104.39
1492738104.52
1492738104.73
1492738104.88
1492738104.95
1492738105.06
1492738105.43
1492738105.52
1492738105.58
1492738105.68
1492738105.78
1492738105.85
1492738106.01
1492738106.15
1492738106.4
1492738106.58
1492738106.72
1492738106.98
1492738107.13
1492738107.27
1492738107.4
1492738107.47
1492738107.72
1492738107.87
1492738107.99
1492738108.23
1492738108.27
1492738108.47
1492738108.56
1492738108.77
1492738109.07
1492738109.14
1492738109.2
1492738109.31
1492738109.53
1492738109.61
1492738109.76
1492738109.86
1492738110.12
1492738110.18
1492738110.47
1492738110.53
1492738110.61
1492738110.78
1492738110.95
1492738111.08
1492738111.13
1492738111.42
1492738111.67
1492738111.87
1492738112.07
1492738112.23
1492738112.27
1492738112.41
1492738112.56
1492738112.69
1492738112.82
1492738112.88
1492738113.17
1492738113.4
1492738113.58
1492738113.75
1492738113.86
1492738113.98
1492738114.18
1492738114.25
1492738114.32
1492738114.47
1492738114.9
1492738114.98
1492738115.08
1492738115.16
1492738115.3
1492738115.39
1492738115.51
1492738115.58
1492738115.97
1492738116.06
1492738116.11
1492738116.21
1492738116.46
1492738116.58
1492738116.65
1492738116.83
1492738117.01
1492738117.06
1492738117.19
1492738117.32
1492738117.51
1492738117.71
1492738117.81
1492738118.02
1492738118.14
1492738118.24
1492738118.36
1492738118.5
1492738118.58
1492738118.74
1492738118.97
1492738119.07
1492738119.27
1492738119.36
1492738119.46
1492738119.66
1492738119.72
1492738119.86
1492738119.99
1492738120.19
1492738120.27
1492738120.35
1492738120.47
1492738120.58
1492738120.77
1492738120.98
1492738121.07
1492738121.17
1492738121.3
1492738121.45
1492738121.52
1492738121.62
1492738121.76
1492738121.96
1492738122.04
1492738122.13
1492738122.22
1492738122.28
1492738122.36
1492738122.67
1492738122.74
1492738122.82
1492738122.92
1492738122.95
1492738123.02
1492738123.21
1492738123.32
1492738123.42
1492738123.5
1492738123.68
1492738123.75
1492738123.96
1492738124.07
1492738124.14
1492738124.23
1492738124.31
1492738124.4
1492738124.46
1492738124.62
1492738124.68
1492738124.76
1492738124.91
1492738125.05
1492738125.11
1492738125.31
1492738125.43
1492738125.49
1492738125.63
1492738125.76
1492738125.88
1492738126.01
1492738126.07
1492738126.18
1492738126.31
1492738126.5
1492738126.59
1492738126.72
1492738126.8
1492738126.9
1492738126.99
1492738127.06
1492738127.18
1492738127.24
1492738127.35
1492738127.41
1492738127.54
1492738127.67
1492738127.73
1492738127.82
1492738127.91
1492738128.02
1492738128.32
1492738128.4
1492738128.5
1492738128.55
1492738128.63
1492738128.72
1492738128.82
1492738128.95
1492738129.1
1492738129.2
1492738129.33
1492738129.45
1492738129.52
1492738129.65
1492738129.74
1492738129.99
1492738130.12
1492738130.25
1492738130.38
1492738130.45
1492738130.58
1492738130.65
1492738130.72
1492738130.9
1492738130.95
1492738131.06
1492738131.22
1492738131.26
1492738131.4
1492738131.49
1492738131.55
1492738131.73
1492738131.85
1492738131.91
1492738131.97
1492738132.1
1492738132.24
1492738132.29
1492738132.43
1492738132.61
1492738132.7
1492738132.83
1492738132.95
1492738133.03
1492738133.18
1492738133.26
1492738133.38
1492738133.47
1492738133.59
1492738133.66
1492738133.72
1492738133.83
1492738133.92
1492738134.05
1492738134.18
1492738134.32
1492738134.45
1492738134.51
1492738134.56
1492738134.69
1492738134.76
1492738134.91
1492738135.01
1492738135.16
1492738135.26
1492738135.3
1492738135.48
1492738135.52
1492738135.66
1492738135.84
1492738135.93
1492738135.99
1492738136.12
1492738136.17
1492738136.36
1492738136.42
1492738136.56
1492738136.68
1492738136.77
1492738136.96
1492738137.14
1492738137.31
1492738137.37
1492738137.44
1492738137.53
1492738137.59
1492738137.72
1492738137.79
1492738137.88
1492738138.01
1492738138.14
1492738138.22
1492738138.41
1492738138.54
1492738138.64
1492738138.75
1492738138.88
1492738138.95
1492738139.3
1492738139.41
1492738139.58
1492738139.72
1492738139.8
1492738139.93
1492738140.06
1492738140.13
1492738140.24
1492738140.34
1492738140.41
1492738140.44
1492738140.55
1492738140.65
1492738140.73
1492738140.76
1492738140.87
1492738141.13
1492738141.19
1492738141.25
1492738141.34
1492738141.42
1492738141.54
1492738141.69
1492738141.8
1492738141.85
1492738141.93
1492738142.02
1492738142.25
1492738142.33
1492738142.4
1492738142.53
1492738142.6
1492738142.73
1492738142.78
1492738142.96
1492738143.05
1492738143.17
1492738143.22
1492738143.34
1492738143.4
1492738143.63
1492738143.72
1492738143.79
1492738143.97
1492738144.07
1492738144.11
1492738144.22
1492738144.4
1492738144.55
1492738144.62
1492738144.7
1492738144.81
1492738144.92
1492738145.05
1492738145.15
1492738145.22
1492738145.31
1492738145.41
1492738145.47
1492738145.55
1492738145.66
1492738145.76
1492738145.89
1492738146.02
1492738146.09
1492738146.27
1492738146.41
1492738146.59
1492738146.67
1492738146.8
1492738146.98
1492738147.09
1492738147.18
1492738147.3
1492738147.35
1492738147.45
1492738147.51
1492738147.58
1492738147.72
1492738147.82
1492738148.02
1492738148.14
1492738148.21
1492738148.29
1492738148.43
1492738148.49
1492738148.65
1492738148.75
1492738148.87
1492738149.05
1492738149.1
1492738149.21
1492738149.31
1492738149.38
1492738149.45
1492738149.58
1492738149.69
1492738149.81
1492738149.86
1492738150.1
1492738150.19
1492738150.26
1492738150.32
1492738150.4
1492738150.55
1492738150.57
1492738150.75
1492738150.9
1492738151.04
1492738151.16
1492738151.22
1492738151.29
1492738151.37
1492738151.49
1492738151.56
1492738151.81
1492738151.87
1492738151.93
1492738152.07
1492738152.12
1492738152.28
1492738152.38
1492738152.59
1492738152.71
1492738152.78
1492738152.92
1492738153.05
1492738153.18
1492738153.24
1492738153.3
1492738153.38
1492738153.49
1492738153.61
1492738153.69
1492738153.96
1492738154.03
1492738154.09
1492738154.31
1492738154.39
1492738154.47
1492738154.55
1492738154.62
1492738154.71
1492738154.88
1492738155.04
1492738155.21
1492738155.27
1492738155.39
1492738155.45
1492738155.56
1492738155.69
1492738155.82
1492738155.95
1492738156.09
1492738156.19
1492738156.22
1492738156.35
1492738156.49
1492738156.62
1492738156.8
1492738156.94
1492738156.99
1492738157.14
1492738157.2
1492738157.26
1492738157.35
1492738157.49
1492738157.55
1492738157.66
1492738157.79
1492738157.83
1492738157.94
1492738158.02
1492738158.09
1492738158.22
1492738158.36
1492738158.48
1492738158.62
1492738158.74
1492738158.86
1492738158.89
1492738159.04
1492738159.22
1492738159.29
1492738159.35
1492738159.45
1492738159.52
1492738159.71
1492738159.85
1492738159.96
1492738160.04
1492738160.14
1492738160.24
1492738160.31
1492738160.44
1492738160.55
1492738160.63
1492738160.72
1492738160.79
1492738160.93
1492738161.06
1492738161.19
1492738161.27
1492738161.34
1492738161.43
1492738161.58
1492738161.72
1492738161.85
1492738161.91
1492738162.07
1492738162.15
1492738162.23
1492738162.29
