1493345484.25
1493345484.35
1493345484.5
1493345484.56
1493345484.66
1493345484.72
1493345484.82
1493345485.0
1493345485.09
1493345485.22
1493345485.28
1493345485.63
1493345485.7
1493345485.91
1493345486.02
1493345486.11
1493345486.19
1493345486.3
1493345486.49
1493345486.72
1493345486.78
1493345486.86
1493345486.93
1493345487.09
1493345487.16
1493345487.32
1493345487.49
1493345487.56
1493345487.69
1493345487.83
1493345487.85
1493345487.98
1493345488.09
1493345488.22
1493345488.27
1493345488.39
1493345488.48
1493345488.54
1493345488.68
1493345488.77
1493345488.85
1493345488.93
1493345489.03
1493345489.15
1493345489.24
1493345489.46
1493345489.53
1493345489.69
1493345489.86
1493345489.91
1493345489.98
1493345490.09
1493345490.22
1493345490.28
1493345490.42
1493345490.55
1493345490.62
1493345490.88
1493345490.93
1493345490.99
1493345491.15
1493345491.22
1493345491.28
1493345491.42
1493345491.49
1493345491.53
1493345491.69
1493345491.83
1493345491.92
1493345492.03
1493345492.12
1493345492.28
1493345492.36
1493345492.56
1493345492.68
1493345492.75
1493345492.79
1493345492.93
1493345493.02
1493345493.15
1493345493.23
1493345493.27
1493345493.49
1493345493.57
1493345493.66
1493345493.75
1493345493.81
1493345493.93
1493345493.98
1493345494.19
1493345494.26
1493345494.36
1493345494.51
1493345494.65
1493345494.75
1493345494.84
1493345494.93
1493345494.99
1493345495.12
1493345495.15
1493345495.28
1493345495.38
1493345495.45
1493345495.56
1493345495.62
1493345495.71
1493345495.91
1493345495.97
1493345496.12
1493345496.21
1493345496.31
1493345496.48
1493345496.54
1493345496.69
1493345496.77
1493345496.9
1493345496.98
1493345497.03
1493345497.18
1493345497.29
1493345497.37
1493345497.51
1493345497.59
1493345497.76
1493345497.87
1493345497.98
1493345498.03
1493345498.16
1493345498.21
1493345498.41
1493345498.54
1493345498.61
1493345498.68
1493345498.78
1493345498.87
1493345498.96
1493345499.03
1493345499.19
1493345499.29
1493345499.44
1493345499.53
1493345499.58
1493345499.69
1493345499.76
1493345499.87
1493345499.95
1493345500.09
1493345500.19
1493345500.28
1493345500.4
1493345500.5
1493345500.62
1493345500.73
1493345500.82
1493345500.89
1493345501.02
1493345501.09
1493345501.18
1493345501.24
1493345501.37
1493345501.48
1493345501.56
1493345501.65
1493345501.72
1493345501.85
1493345501.94
1493345502.0
1493345502.15
1493345502.21
1493345502.29
1493345502.36
1493345502.44
1493345502.59
1493345502.68
1493345502.74
1493345502.83
1493345502.96
1493345503.02
1493345503.12
1493345503.21
1493345503.29
1493345503.38
1493345503.49
1493345503.56
1493345503.66
1493345503.83
1493345503.96
1493345504.03
1493345504.21
1493345504.32
1493345504.39
1493345504.52
1493345504.61
1493345504.69
1493345504.82
1493345504.93
1493345505.06
1493345505.14
1493345505.22
1493345505.34
1493345505.42
1493345505.51
1493345505.61
1493345505.73
1493345505.88
1493345506.0
1493345506.16
1493345506.18
1493345506.32
1493345506.42
1493345506.56
1493345506.66
1493345506.69
1493345506.8
1493345506.93
1493345506.95
1493345507.12
1493345507.21
1493345507.31
1493345507.46
1493345507.56
1493345507.66
1493345507.79
1493345507.86
1493345507.91
1493345508.06
1493345508.15
1493345508.26
1493345508.36
1493345508.43
1493345508.59
1493345508.66
1493345508.79
1493345508.91
1493345509.0
1493345509.03
1493345509.16
1493345509.25
1493345509.33
1493345509.41
1493345509.51
1493345509.59
1493345509.71
1493345509.81
1493345509.9
1493345510.06
1493345510.12
1493345510.28
1493345510.31
1493345510.39
1493345510.49
1493345510.6
1493345510.73
1493345510.77
1493345510.94
1493345511.04
1493345511.11
1493345511.3
1493345511.4
1493345511.52
1493345511.67
1493345511.75
1493345511.86
1493345511.95
1493345512.07
1493345512.22
1493345512.28
1493345512.36
1493345512.47
1493345512.58
1493345512.65
1493345512.73
1493345512.86
1493345512.99
1493345513.05
1493345513.15
1493345513.23
1493345513.32
1493345513.4
1493345513.52
1493345513.63
1493345513.68
1493345513.82
1493345513.99
1493345514.12
1493345514.26
1493345514.35
1493345514.44
1493345514.53
1493345514.61
1493345514.69
1493345514.84
1493345514.91
1493345515.03
1493345515.12
1493345515.2
1493345515.31
1493345515.42
1493345515.51
1493345515.63
1493345515.72
1493345515.81
1493345515.87
1493345515.98
1493345516.04
1493345516.16
1493345516.25
1493345516.37
1493345516.46
1493345516.6
1493345516.7
1493345516.78
1493345516.99
1493345517.04
1493345517.14
1493345517.21
1493345517.29
1493345517.42
1493345517.59
1493345517.68
1493345517.81
1493345517.87
1493345517.94
1493345518.2
1493345518.28
1493345518.39
1493345518.52
1493345518.56
1493345518.69
1493345518.79
1493345518.86
1493345519.07
1493345519.12
1493345519.21
1493345519.28
1493345519.41
1493345519.72
1493345519.82
1493345519.88
1493345520.02
1493345520.15
1493345520.21
1493345520.37
1493345520.45
1493345520.52
1493345520.62
1493345520.69
1493345520.81
1493345520.9
1493345521.0
1493345521.18
1493345521.25
1493345521.39
1493345521.56
1493345521.63
1493345521.84
1493345521.99
1493345522.06
1493345522.16
1493345522.32
1493345522.42
1493345522.52
1493345522.58
1493345522.68
1493345522.87
1493345522.92
1493345523.22
1493345523.34
1493345523.45
1493345523.51
1493345523.63
1493345523.89
1493345524.01
1493345524.16
1493345524.32
1493345524.4
1493345524.48
1493345524.52
1493345524.62
1493345524.7
1493345524.83
1493345525.03
1493345525.12
1493345525.21
1493345525.29
1493345525.51
1493345525.58
1493345525.66
1493345525.71
1493345525.82
1493345525.95
1493345526.22
1493345526.31
1493345526.44
1493345526.54
1493345526.64
1493345526.71
1493345526.83
1493345526.95
1493345527.0
1493345527.08
1493345527.18
1493345527.27
1493345527.42
1493345527.48
1493345527.56
1493345527.65
1493345527.75
1493345527.87
1493345527.89
1493345528.06
1493345528.14
1493345528.28
1493345528.34
1493345528.45
1493345528.59
1493345528.69
1493345528.78
1493345528.93
1493345528.98
1493345529.08
1493345529.18
1493345529.24
1493345529.39
1493345529.52
1493345529.62
1493345529.81
1493345529.95
1493345529.99
1493345530.08
1493345530.18
1493345530.26
1493345530.35
1493345530.52
1493345530.54
1493345530.71
1493345530.79
1493345530.92
1493345531.0
1493345531.11
1493345531.27
1493345531.41
1493345531.48
1493345531.57
1493345531.64
1493345531.86
1493345531.96
1493345532.08
1493345532.2
1493345532.32
1493345532.39
1493345532.45
1493345532.56
1493345532.72
1493345532.82
1493345532.88
1493345532.99
1493345533.21
1493345533.28
1493345533.41
1493345533.52
1493345533.59
1493345533.68
1493345533.77
1493345533.85
1493345533.96
1493345534.12
1493345534.21
1493345534.33
1493345534.4
1493345534.58
1493345534.68
1493345534.76
1493345534.89
1493345534.97
1493345535.06
1493345535.19
1493345535.31
1493345535.37
1493345535.51
1493345535.55
1493345535.67
1493345535.78
1493345535.88
1493345536.01
1493345536.15
1493345536.25
1493345536.35
1493345536.46
1493345536.56
1493345536.68
1493345536.8
1493345536.89
1493345536.98
1493345537.05
1493345537.22
1493345537.29
1493345537.39
1493345537.49
1493345537.59
1493345537.64
1493345537.76
1493345537.82
1493345537.92
1493345538.02
1493345538.17
1493345538.22
1493345538.34
1493345538.42
1493345538.57
1493345538.67
1493345538.76
1493345538.85
1493345538.94
1493345539.0
1493345539.1
1493345539.19
1493345539.29
1493345539.41
1493345539.51
1493345539.65
1493345539.8
1493345539.88
1493345540.02
1493345540.11
1493345540.24
1493345540.31
1493345540.4
1493345540.47
1493345540.62
1493345540.65
1493345540.83
1493345540.91
1493345541.02
1493345541.12
1493345541.19
1493345541.29
1493345541.4
1493345541.49
1493345541.59
1493345541.68
1493345541.81
1493345541.89
1493345541.99
1493345542.09
1493345542.22
1493345542.39
1493345542.5
1493345542.6
1493345542.66
1493345542.79
1493345542.88
1493345542.96
1493345543.04
1493345543.14
1493345543.23
1493345543.33
1493345543.43
1493345543.59
1493345543.72
1493345543.81
1493345543.96
1493345544.02
1493345544.12
1493345544.23
1493345544.29
1493345544.48
1493345544.54
1493345544.7
1493345544.78
1493345544.88
1493345544.98
1493345545.08
1493345545.25
1493345545.38
1493345545.43
1493345545.55
1493345545.61
1493345545.74
1493345545.85
1493345545.89
1493345545.99
1493345546.12
1493345546.24
1493345546.37
