1492742510.66
1492742510.83
1492742510.88
1492742511.01
1492742511.08
1492742511.15
1492742511.28
1492742511.38
1492742511.44
1492742511.56
1492742511.71
1492742511.78
1492742511.99
1492742512.15
1492742512.23
1492742512.31
1492742512.57
1492742512.74
1492742512.81
1492742512.87
1492742512.95
1492742513.05
1492742513.17
1492742513.34
1492742513.42
1492742513.53
1492742513.59
1492742513.67
1492742513.75
1492742513.87
1492742514.0
1492742514.06
1492742514.22
1492742514.28
1492742514.47
1492742514.58
1492742514.71
1492742514.82
1492742514.94
1492742515.07
1492742515.2
1492742515.31
1492742515.37
1492742515.49
1492742515.72
1492742515.85
1492742515.97
1492742516.12
1492742516.24
1492742516.31
1492742516.37
1492742516.45
1492742516.51
1492742516.71
1492742516.79
1492742516.88
1492742517.01
1492742517.14
1492742517.28
1492742517.34
1492742517.44
1492742517.5
1492742517.67
1492742517.74
1492742517.91
1492742517.99
1492742518.14
1492742518.24
1492742518.37
1492742518.51
1492742518.65
1492742518.78
1492742518.84
1492742518.94
1492742519.07
1492742519.18
1492742519.31
1492742519.49
1492742519.53
1492742519.67
1492742519.77
1492742519.85
1492742520.0
1492742520.08
1492742520.21
1492742520.28
1492742520.41
1492742520.48
1492742520.55
1492742520.75
1492742520.81
1492742520.96
1492742521.11
1492742521.18
1492742521.25
1492742521.38
1492742521.57
1492742521.67
1492742521.82
1492742521.89
1492742521.95
1492742522.04
1492742522.13
1492742522.25
1492742522.42
1492742522.51
1492742522.64
1492742522.71
1492742522.75
1492742522.88
1492742523.01
1492742523.07
1492742523.21
1492742523.32
1492742523.54
1492742523.67
1492742523.77
1492742523.81
1492742523.94
1492742524.08
1492742524.13
1492742524.28
1492742524.4
1492742524.45
1492742524.59
1492742524.7
1492742524.72
1492742524.84
1492742524.97
1492742525.14
1492742525.21
1492742525.43
1492742525.5
1492742525.55
1492742525.66
1492742525.8
1492742525.89
1492742525.95
1492742526.08
1492742526.25
1492742526.32
1492742526.39
1492742526.46
1492742526.55
1492742526.64
1492742526.74
1492742526.94
1492742526.99
1492742527.14
1492742527.19
1492742527.35
1492742527.44
1492742527.53
1492742527.62
1492742527.73
1492742527.87
1492742528.06
1492742528.14
1492742528.28
1492742528.34
1492742528.45
1492742528.53
1492742528.62
1492742528.73
1492742528.76
1492742528.92
1492742529.0
1492742529.07
1492742529.23
1492742529.36
1492742529.47
1492742529.66
1492742529.75
1492742529.86
1492742529.99
1492742530.09
1492742530.14
1492742530.27
1492742530.34
1492742530.42
1492742530.48
1492742530.6
1492742530.74
1492742530.87
1492742530.94
1492742531.07
1492742531.19
1492742531.31
1492742531.47
1492742531.58
1492742531.68
1492742531.76
1492742531.94
1492742532.07
1492742532.09
1492742532.19
1492742532.28
1492742532.36
1492742532.45
1492742532.51
1492742532.64
1492742532.74
1492742533.15
1492742533.17
1492742533.31
1492742533.37
1492742533.44
1492742533.55
1492742533.69
1492742533.81
1492742533.91
1492742533.98
1492742534.09
1492742534.22
1492742534.34
1492742534.48
1492742534.54
1492742534.6
1492742534.77
1492742534.82
1492742534.93
1492742535.08
1492742535.16
1492742535.32
1492742535.42
1492742535.46
1492742535.64
1492742535.77
1492742535.88
1492742536.01
1492742536.07
1492742536.18
1492742536.3
1492742536.37
1492742536.51
1492742536.63
1492742536.76
1492742536.83
1492742536.96
1492742537.03
1492742537.09
1492742537.23
1492742537.3
1492742537.43
1492742537.57
1492742537.77
1492742537.82
1492742537.9
1492742537.98
1492742538.01
1492742538.09
1492742538.15
1492742538.4
1492742538.52
1492742538.77
1492742538.84
1492742538.98
1492742539.03
1492742539.13
1492742539.19
1492742539.27
1492742539.44
1492742539.5
1492742539.59
1492742539.74
1492742539.91
1492742540.01
1492742540.16
1492742540.31
1492742540.38
1492742540.51
1492742540.58
1492742540.63
1492742540.77
1492742540.89
1492742540.93
1492742541.12
1492742541.18
1492742541.32
1492742541.45
1492742541.58
1492742541.71
1492742541.77
1492742541.91
1492742541.97
1492742542.03
1492742542.29
1492742542.42
1492742542.56
1492742542.7
1492742542.76
1492742542.83
1492742542.97
1492742543.1
1492742543.23
1492742543.29
1492742543.41
1492742543.68
1492742543.82
1492742543.94
1492742543.99
1492742544.09
1492742544.18
1492742544.3
1492742544.44
1492742544.5
1492742544.64
1492742544.77
1492742544.84
1492742544.93
1492742545.05
1492742545.18
1492742545.23
1492742545.34
1492742545.41
1492742545.48
1492742545.56
1492742545.63
1492742545.79
1492742546.04
1492742546.16
1492742546.24
1492742546.29
1492742546.39
1492742546.47
1492742546.6
1492742546.7
1492742546.83
1492742547.02
1492742547.15
1492742547.22
1492742547.4
1492742547.46
1492742547.53
1492742547.63
1492742547.7
1492742547.91
1492742547.98
1492742548.07
1492742548.14
1492742548.26
1492742548.5
1492742548.7
1492742548.77
1492742548.84
1492742548.89
1492742548.96
1492742549.08
1492742549.15
1492742549.29
1492742549.34
1492742549.52
1492742549.59
1492742549.7
1492742549.78
1492742549.88
1492742549.94
1492742550.07
1492742550.2
1492742550.39
1492742550.43
1492742550.55
1492742550.63
1492742550.73
1492742550.88
1492742550.95
1492742551.15
1492742551.24
1492742551.37
1492742551.4
1492742551.52
1492742551.67
1492742551.79
1492742551.85
1492742551.94
1492742552.07
1492742552.09
1492742552.21
1492742552.33
1492742552.42
1492742552.55
1492742552.7
1492742552.8
1492742552.92
1492742552.98
1492742553.18
1492742553.31
1492742553.5
1492742553.66
1492742553.85
1492742554.14
1492742554.28
1492742554.33
1492742554.5
1492742554.54
1492742554.8
1492742554.88
1492742555.14
1492742555.27
1492742555.39
1492742555.46
1492742555.53
1492742555.6
1492742555.74
1492742555.87
1492742556.0
1492742556.14
1492742556.27
1492742556.33
1492742556.47
1492742556.53
1492742556.67
1492742556.74
1492742556.87
1492742557.0
1492742557.07
1492742557.27
1492742557.33
1492742557.45
1492742557.51
1492742557.63
1492742557.71
1492742557.84
1492742557.91
1492742557.98
1492742558.09
1492742558.22
1492742558.34
1492742558.43
1492742558.65
1492742558.77
1492742558.81
1492742558.96
1492742559.02
1492742559.14
1492742559.24
1492742559.37
1492742559.43
1492742559.51
1492742559.58
1492742559.67
1492742559.73
1492742559.84
1492742559.96
1492742560.02
1492742560.12
1492742560.2
1492742560.39
1492742560.48
1492742560.63
1492742560.7
1492742560.78
1492742560.98
1492742561.05
1492742561.14
1492742561.22
1492742561.34
1492742561.52
1492742561.59
1492742561.67
1492742561.87
1492742561.95
1492742562.01
1492742562.09
1492742562.14
1492742562.33
1492742562.41
1492742562.48
1492742562.57
1492742562.61
1492742562.78
1492742562.88
1492742562.95
