1493764450.84
1493764450.91
1493764451.0
1493764451.11
1493764451.24
1493764451.29
1493764451.57
1493764451.63
1493764451.77
1493764451.87
1493764452.07
1493764452.44
1493764452.53
1493764452.6
1493764452.77
1493764452.86
1493764452.93
1493764453.17
1493764453.26
1493764453.33
1493764453.46
1493764453.63
1493764453.7
1493764453.92
1493764454.04
1493764454.14
1493764454.22
1493764454.28
1493764454.4
1493764454.46
1493764454.53
1493764454.6
1493764454.78
1493764454.87
1493764455.01
1493764455.15
1493764455.22
1493764455.39
1493764455.44
1493764455.6
1493764455.69
1493764455.76
1493764455.89
1493764455.93
1493764456.14
1493764456.22
1493764456.36
1493764456.47
1493764456.57
1493764456.61
1493764456.74
1493764456.87
1493764456.93
1493764457.1
1493764457.27
1493764457.37
1493764457.48
1493764457.52
1493764457.64
1493764457.7
1493764457.84
1493764457.9
1493764457.97
1493764458.04
1493764458.13
1493764458.29
1493764458.37
1493764458.45
1493764458.5
1493764458.6
1493764458.69
1493764458.8
1493764459.0
1493764459.08
1493764459.22
1493764459.29
1493764459.39
1493764459.44
1493764459.63
1493764459.74
1493764459.79
1493764459.93
1493764460.0
1493764460.15
1493764460.2
1493764460.3
1493764460.42
1493764460.48
1493764460.55
1493764460.62
1493764460.77
1493764460.88
1493764461.0
1493764461.08
1493764461.16
1493764461.21
1493764461.36
1493764461.38
1493764461.56
1493764461.63
1493764461.67
1493764461.97
1493764462.09
1493764462.13
1493764462.27
1493764462.37
1493764462.49
1493764462.56
1493764462.67
1493764462.76
1493764462.87
1493764462.97
1493764463.04
1493764463.14
1493764463.24
1493764463.33
1493764463.5
1493764463.56
1493764463.66
1493764463.7
1493764463.87
1493764463.93
1493764464.0
1493764464.2
1493764464.26
1493764464.34
1493764464.43
1493764464.51
1493764464.62
1493764464.7
1493764464.76
1493764464.84
1493764464.94
1493764465.16
1493764465.27
1493764465.33
1493764465.48
1493764465.56
1493764465.66
1493764465.73
1493764465.84
1493764466.0
1493764466.11
1493764466.17
1493764466.34
1493764466.41
1493764466.51
1493764466.63
1493764466.77
1493764466.85
1493764466.98
1493764467.1
1493764467.17
1493764467.34
1493764467.45
1493764467.53
1493764467.63
1493764467.73
1493764467.86
1493764467.92
1493764467.99
1493764468.06
1493764468.21
1493764468.37
1493764468.56
1493764468.63
1493764468.69
1493764468.79
1493764468.98
1493764469.06
1493764469.12
1493764469.23
1493764469.29
1493764469.4
1493764469.47
1493764469.54
1493764469.68
1493764469.75
1493764469.83
1493764469.97
1493764470.06
1493764470.21
1493764470.32
1493764470.43
1493764470.54
1493764470.65
1493764470.76
1493764470.81
1493764470.94
1493764471.03
1493764471.16
1493764471.26
1493764471.43
1493764471.59
1493764471.66
1493764471.76
1493764471.83
1493764472.03
1493764472.17
1493764472.23
1493764472.36
1493764472.42
1493764472.59
1493764472.76
1493764472.8
1493764472.91
1493764473.0
1493764473.11
1493764473.28
1493764473.36
1493764473.49
1493764473.59
1493764473.67
1493764473.8
1493764473.86
1493764474.03
1493764474.12
1493764474.23
1493764474.36
1493764474.56
1493764474.63
1493764474.77
1493764474.87
1493764475.0
1493764475.05
1493764475.22
1493764475.31
1493764475.38
1493764475.52
1493764475.67
1493764475.76
1493764475.89
1493764475.97
1493764476.12
1493764476.2
1493764476.29
1493764476.41
1493764476.55
1493764476.71
1493764476.78
1493764476.86
1493764477.01
1493764477.09
1493764477.14
1493764477.29
1493764477.41
1493764477.47
1493764477.61
1493764477.82
1493764477.96
1493764478.11
1493764478.18
1493764478.3
1493764478.34
1493764478.5
1493764478.59
1493764478.66
1493764478.91
1493764478.98
1493764479.04
1493764479.17
1493764479.27
1493764479.37
1493764479.53
1493764479.66
1493764479.72
1493764479.87
1493764479.97
1493764480.06
1493764480.19
1493764480.3
1493764480.37
1493764480.48
1493764480.55
1493764480.63
1493764480.73
1493764480.82
1493764480.89
1493764481.04
1493764481.1
1493764481.21
1493764481.25
1493764481.4
1493764481.47
1493764481.58
1493764481.66
1493764481.89
1493764481.95
1493764482.06
1493764482.19
1493764482.26
1493764482.38
1493764482.46
1493764482.53
1493764482.69
1493764482.75
1493764482.84
1493764482.93
1493764483.07
1493764483.14
1493764483.23
1493764483.38
1493764483.5
1493764483.58
1493764483.72
1493764483.86
1493764483.96
1493764484.03
1493764484.13
1493764484.2
1493764484.27
1493764484.33
1493764484.43
1493764484.53
1493764484.67
1493764484.84
1493764485.02
1493764485.09
1493764485.19
1493764485.28
1493764485.41
1493764485.51
1493764485.59
1493764485.69
1493764485.74
1493764485.91
1493764486.01
1493764486.13
1493764486.3
1493764486.36
1493764486.52
1493764486.59
1493764486.71
1493764486.79
1493764486.86
1493764486.97
1493764487.17
1493764487.3
1493764487.4
1493764487.45
1493764487.58
1493764487.69
1493764487.84
1493764487.92
1493764488.03
1493764488.1
1493764488.19
1493764488.37
1493764488.48
1493764488.63
1493764488.71
1493764488.81
1493764488.87
1493764488.97
1493764489.08
1493764489.17
1493764489.23
1493764489.54
1493764489.63
1493764489.79
1493764490.04
1493764490.13
1493764490.19
1493764490.27
1493764490.43
1493764490.5
1493764490.58
1493764490.68
1493764490.76
1493764490.83
1493764490.91
1493764491.01
1493764491.16
1493764491.23
1493764491.32
1493764491.47
1493764491.66
1493764491.73
1493764491.81
1493764491.87
1493764491.97
1493764492.06
1493764492.19
1493764492.33
1493764492.41
1493764492.66
1493764492.71
1493764492.77
1493764492.83
1493764492.93
1493764493.02
1493764493.09
1493764493.21
1493764493.3
1493764493.38
1493764493.43
1493764493.51
1493764493.72
1493764493.8
1493764493.93
1493764494.1
1493764494.15
1493764494.31
1493764494.4
1493764494.47
1493764494.63
1493764494.71
1493764494.82
1493764494.9
1493764495.03
1493764495.1
1493764495.22
1493764495.34
1493764495.48
1493764495.57
1493764495.69
1493764495.8
1493764495.9
